Date,Open,High,Low,Close,Volume,OpenInt
2013-12-10,23.698,24.345,23.61,24.064,18043837,0
2013-12-11,24.607,26.288,24.539,25.139,43224764,0
2013-12-12,25.342,25.832,24.616,24.616,20749989,0
2013-12-13,24.771,25.437,24.684,25.369,12588700,0
2013-12-16,25.749,25.888,25.485,25.739,17136729,0
2013-12-17,25.605,25.721,25.099,25.245,11260767,0
2013-12-18,25.139,25.369,24.714,25.369,12074578,0
2013-12-19,25.237,25.624,24.975,25.265,6863328,0
2013-12-20,25.304,25.624,25.288,25.466,12105293,0
2013-12-23,25.495,25.624,25.199,25.324,7888164,0
2013-12-24,25.149,25.399,25.149,25.389,2992380,0
2013-12-26,25.265,25.495,25.124,25.275,4760344,0
2013-12-27,25.099,25.245,24.094,24.123,13933884,0
2013-12-30,24.064,24.422,23.843,23.967,9201534,0
2013-12-31,23.967,24.422,23.823,24.422,7308913,0
2014-01-02,24.251,24.974,24.241,24.53,9373746,0
2014-01-03,24.907,25.872,24.675,25.673,14100909,0
2014-01-06,25.749,26.308,25.729,26.143,11829444,0
2014-01-07,26.308,26.504,25.795,26.03,11597247,0
2014-01-08,25.515,26.773,25.485,26.724,16614401,0
2014-01-09,27.314,28.63,27.277,28.457,25494593,0
2014-01-10,28.098,28.854,27.808,28.389,16050935,0
2014-01-13,28.225,28.562,27.644,27.711,11318594,0
2014-01-14,27.808,28.088,27.77,27.924,10199572,0
2014-01-15,27.953,28.475,27.76,27.896,10647385,0
2014-01-16,27.991,28.428,27.76,28.379,7752254,0
2014-01-17,28.34,29.036,28.216,29.036,12266334,0
2014-01-21,29.521,29.79,29.213,29.655,11466261,0
2014-01-22,29.724,30.218,29.647,30.179,8515664,0
2014-01-23,29.647,30.429,29.618,30.323,12175229,0
2014-01-24,30.005,30.159,28.928,29.403,14224921,0
2014-01-27,29.433,29.858,27.731,29.193,18110978,0
2014-01-28,29.325,31.148,29.036,30.911,25551550,0
2014-01-29,31.185,32.306,31.049,31.9,22281034,0
2014-01-30,32.266,33.081,32.113,32.693,15420389,0
2014-01-31,32.064,32.963,31.92,32.452,12633771,0
2014-02-03,32.838,33.35,31.967,32.848,20448309,0
2014-02-04,32.925,33.253,32.481,32.935,11760622,0
2014-02-05,32.819,32.858,32.306,32.693,14989240,0
2014-02-06,32.614,33.776,32.597,33.526,13605147,0
2014-02-07,33.698,34.53,33.516,34.502,17922492,0
2014-02-10,34.947,34.966,34.221,34.414,12224463,0
2014-02-11,34.414,34.473,33.263,33.979,12394970,0
2014-02-12,33.747,33.856,33.234,33.554,9704395,0
2014-02-13,32.954,33.892,32.944,33.883,8696003,0
2014-02-14,33.708,34.027,33.099,33.282,7553912,0
2014-02-18,33.581,33.806,33.081,33.186,7328702,0
2014-02-19,33.127,33.94,32.992,33.458,7505226,0
2014-02-20,33.302,34.502,33.302,34.492,9603405,0
2014-02-21,34.609,35.256,34.58,34.986,8086011,0
2014-02-24,35.014,35.459,34.841,35.449,7258224,0
2014-02-25,35.431,35.933,35.315,35.79,9295564,0
2014-02-26,35.903,36.059,35.383,35.544,10872885,0
2014-02-27,35.672,35.741,35.149,35.364,5856787,0
2014-02-28,34.938,35.77,34.889,35.721,8261967,0
2014-03-03,34.986,35.207,34.165,34.918,9819502,0
2014-03-04,35.374,36.233,35.374,36.119,12139293,0
2014-03-05,36.367,36.783,36.282,36.62,9091757,0
2014-03-06,37.026,38.042,37.026,37.538,14482792,0
2014-03-07,37.936,38.004,36.861,37.742,10895817,0
2014-03-10,37.432,38.575,37.288,37.684,11801957,0
2014-03-11,37.402,37.974,36.707,36.833,11694262,0
2014-03-12,36.697,36.833,36.009,36.327,9735465,0
2014-03-13,36.659,36.746,34.58,35.535,12141312,0
2014-03-14,34.821,35.961,34.502,35.149,7443628,0
2014-03-17,35.421,36.534,35.335,36.465,9552953,0
2014-03-18,36.534,36.793,35.873,36.129,5910492,0
2014-03-19,36.049,36.397,35.478,35.863,3993581,0
2014-03-20,35.411,35.873,35.091,35.364,7187541,0
2014-03-21,35.574,35.614,34.734,34.928,14591120,0
2014-03-24,35.062,35.653,34.851,35.594,6735113,0
2014-03-25,35.672,36.948,35.653,36.659,10772090,0
2014-03-26,36.901,37.006,35.439,35.497,7570364,0
2014-03-27,35.421,35.564,33.873,34.599,9869365,0
2014-03-28,34.599,35.305,34.192,34.231,7022775,0
2014-03-31,34.665,35.663,34.58,35.401,8700464,0
2014-04-01,35.741,36.938,35.643,36.697,11439953,0
2014-04-02,36.958,37.628,36.253,36.475,12933228,0
2014-04-03,36.534,37.181,35.751,36.119,8207792,0
2014-04-04,36.367,36.485,35.111,35.364,9028731,0
2014-04-07,35.594,36.253,34.298,34.609,10930167,0
2014-04-08,34.841,35.033,32.519,34.801,17998854,0
2014-04-09,34.859,35.79,34.008,35.691,11865940,0
2014-04-10,35.497,36.156,33.468,34.135,16863870,0
2014-04-11,32.972,34.298,32.491,32.577,16060762,0
2014-04-14,32.887,33.63,31.695,32.276,13922402,0
2014-04-15,32.422,33.205,30.816,32.614,16521576,0
2014-04-16,33.052,34.424,32.829,34.347,16164651,0
2014-04-17,34.337,34.694,33.68,34.24,9537405,0
2014-04-21,33.846,34.618,33.718,34.502,7434076,0
2014-04-22,34.59,35.535,34.58,34.976,9244659,0
2014-04-23,35.923,36.367,35.207,35.873,15138217,0
2014-04-24,36.64,36.987,34.626,36.039,21750158,0
2014-04-25,35.79,35.893,34.734,34.821,9898525,0
2014-04-28,35.217,35.516,33.214,34.008,13594359,0
2014-04-29,34.046,34.482,33.826,34.347,9298827,0
2014-04-30,34.512,34.704,33.747,33.921,7179813,0
2014-05-01,34.684,35.497,34.308,35.197,11890649,0
2014-05-02,35.197,35.516,34.879,35.296,7223809,0
2014-05-05,34.928,35.574,34.618,35.401,6015473,0
2014-05-06,35.98,36.176,35.197,35.469,9814060,0
2014-05-07,35.383,36.089,35.121,35.999,8064192,0
2014-05-08,36.029,36.997,35.838,36.997,14939631,0
2014-05-09,36.717,37.432,36.668,37.006,10032103,0
2014-05-12,37.095,38.196,37.095,38.101,12859673,0
2014-05-13,37.692,38.438,37.578,38.023,8973095,0
2014-05-14,37.829,37.955,37.297,37.568,8263246,0
2014-05-15,37.288,37.462,36.253,36.938,11038364,0
2014-05-16,36.793,37.412,36.524,37.268,7301638,0
2014-05-19,37.229,37.877,36.852,37.305,7407218,0
2014-05-20,37.278,37.608,36.774,36.987,6498255,0
2014-05-21,37.026,37.578,36.803,37.065,6786426,0
2014-05-22,37.046,37.608,37.046,37.452,6631845,0
2014-05-23,37.432,38.205,37.268,37.829,10199727,0
2014-05-27,38.091,38.622,37.946,38.062,9905935,0
2014-05-28,38.111,39.011,37.906,38.496,11509388,0
2014-05-29,38.585,38.951,38.071,38.516,9994464,0
2014-05-30,38.526,38.853,38.379,38.843,14358699,0
2014-06-02,38.805,39.899,38.69,39.869,10238946,0
2014-06-03,39.783,40.711,39.763,40.083,9776416,0
2014-06-04,40.005,41.495,39.85,41.418,12337258,0
2014-06-05,41.592,42.066,40.884,41.022,8828848,0
2014-06-06,41.061,42.482,41.032,42.444,14077492,0
2014-06-09,42.559,42.977,41.659,42.161,12083788,0
2014-06-10,42.075,42.424,41.524,42.229,8668327,0
2014-06-11,41.495,41.871,40.653,40.903,13631090,0
2014-06-12,39.919,40.054,37.578,38.882,38578912,0
2014-06-13,38.931,39.58,38.254,39.059,14046200,0
2014-06-16,38.37,39.939,38.37,39.715,14095338,0
2014-06-17,39.734,40.808,39.426,40.497,12951494,0
2014-06-18,40.527,41.418,40.208,41.262,11631407,0
2014-06-19,41.428,42.066,41.262,41.649,14594127,0
2014-06-20,41.63,43.091,41.62,43.091,42020205,0
2014-06-23,42.858,43.412,42.365,42.908,19081805,0
2014-06-24,42.694,43.147,41.359,41.767,13698698,0
2014-06-25,41.495,42.559,40.913,42.472,11315240,0
2014-06-26,42.521,43.138,42.075,43.091,11552874,0
2014-06-27,42.848,43.284,42.472,42.559,42874386,0
2014-06-30,42.598,42.636,41.428,41.554,10809464,0
2014-07-01,42.019,42.462,41.639,42.424,9475049,0
2014-07-02,41.534,41.544,40.064,40.576,20415915,0
2014-07-03,41.214,41.534,40.045,40.255,8537621,0
2014-07-07,40.355,40.355,38.614,38.787,14705911,0
2014-07-08,37.857,39.011,36.659,38.941,27294470,0
2014-07-09,40.702,40.962,39.183,40.615,21160067,0
2014-07-10,39.657,41.573,39.436,41.418,12227800,0
2014-07-11,41.544,41.813,41.127,41.475,8408969,0
2014-07-14,41.842,42.161,41.33,41.573,7459502,0
2014-07-15,41.91,42.297,41.379,42.268,8642400,0
2014-07-16,42.559,42.559,41.881,42.057,6586892,0
2014-07-17,41.63,42.019,40.285,40.335,14388408,0
2014-07-18,40.848,41.803,40.769,41.514,9170074,0
2014-07-21,41.505,41.544,40.867,41.09,5876764,0
2014-07-22,41.302,41.485,40.769,40.992,6676144,0
2014-07-23,41.321,42.229,41.253,41.91,10499963,0
2014-07-24,41.109,42.511,40.335,40.779,18626128,0
2014-07-25,40.867,41.282,39.977,40.315,11360518,0
2014-07-28,40.469,40.576,38.506,38.971,16376908,0
2014-07-29,39.318,39.512,38.101,38.234,11080580,0
2014-07-30,38.565,38.941,38.004,38.254,11123513,0
2014-07-31,37.721,38.205,36.897,37.674,13957944,0
2014-08-01,37.616,38.332,37.265,38.234,9256977,0
2014-08-04,38.293,38.642,36.49,36.985,11437410,0
2014-08-05,36.742,37.285,35.627,36.053,10746876,0
2014-08-06,35.452,36.848,35.045,36.323,9798304,0
2014-08-07,36.539,37.246,35.394,35.744,10191401,0
2014-08-08,35.452,36.248,34.164,36.053,21404544,0
2014-08-11,36.646,37.208,36.218,36.819,9295484,0
2014-08-12,36.985,36.985,36.143,36.382,6416086,0
2014-08-13,36.5,37.294,36.305,36.965,6370037,0
2014-08-14,37.333,38.409,37.294,38.37,10447517,0
2014-08-15,38.738,38.865,37.616,38.003,10116141,0
2014-08-18,38.448,39.661,38.399,39.429,11243016,0
2014-08-19,39.719,39.758,39.043,39.204,6000026,0
2014-08-20,39.175,39.563,38.816,39.37,6709863,0
2014-08-21,39.515,39.612,38.244,38.313,8408679,0
2014-08-22,38.399,38.993,38.352,38.642,5952305,0
2014-08-25,39.013,39.061,38.205,38.224,7295991,0
2014-08-26,38.352,38.546,37.886,37.905,5912294,0
2014-08-27,38.166,38.205,37.508,37.808,6659085,0
2014-08-28,37.536,38.205,37.527,37.983,4010505,0
2014-08-29,37.915,38.157,37.198,37.701,6853258,0
2014-09-02,37.818,39.311,37.711,39.273,11275994,0
2014-09-03,38.527,38.691,37.5,37.954,10308237,0
2014-09-04,38.176,38.768,37.198,37.303,12379536,0
2014-09-05,37.343,37.536,36.569,36.703,12446398,0
2014-09-08,36.848,37.236,36.809,37.072,7576521,0
2014-09-09,36.49,37.508,36.248,36.809,9385940,0
2014-09-10,36.78,37.691,36.762,37.41,8360881,0
2014-09-11,37.556,37.856,36.78,36.935,10381280,0
2014-09-12,36.935,37.343,36.49,36.51,8488321,0
2014-09-15,36.5,36.655,35.724,35.946,8202873,0
2014-09-16,35.877,36.857,35.694,36.829,6933997,0
2014-09-17,36.77,37.082,35.917,36.323,6892715,0
2014-09-18,36.559,36.955,36.46,36.897,4696563,0
2014-09-19,36.916,37.092,35.519,35.519,18141260,0
2014-09-22,35.877,35.877,34.366,34.502,11310733,0
2014-09-23,33.978,34.685,33.589,34.26,12528409,0
2014-09-24,34.395,35.238,34.114,35.025,8754915,0
2014-09-25,34.792,34.89,33.814,34.144,11275717,0
2014-09-26,34.182,35.025,33.959,34.842,8781068,0
2014-09-29,34.278,34.666,33.882,33.969,7722863,0
2014-09-30,34.036,34.764,33.299,34.405,10960784,0
2014-10-01,33.455,33.882,32.825,33.347,20055318,0
2014-10-02,33.425,34.308,32.496,32.903,22148926,0
2014-10-03,33.638,35.219,33.562,35.133,15551134,0
2014-10-06,35.209,35.394,33.804,33.872,13191916,0
2014-10-07,33.696,33.959,33.028,33.058,10344270,0
2014-10-08,33.485,33.504,31.612,32,23458481,0
2014-10-09,32.486,32.678,30.972,31.012,23345432,0
2014-10-10,30.594,31.27,28.876,29.846,31981736,0
2014-10-13,30.129,30.438,27.249,27.713,35585172,0
2014-10-14,28.403,31.206,28.393,30.555,29021445,0
2014-10-15,29.303,31.631,28.596,30.731,41177450,0
2014-10-16,29.703,32.389,29.091,31.971,25764696,0
2014-10-17,32.854,33.299,31.816,32.369,16508245,0
2014-10-20,33.154,34.318,32.969,34.154,13947891,0
2014-10-21,35.045,36.732,34.929,36.703,27159770,0
2014-10-22,36.916,37.062,35.823,35.917,19544702,0
2014-10-23,36.297,38.963,35.685,37.313,34323008,0
2014-10-24,37.43,38.738,37.41,38.614,18381300,0
2014-10-27,38.399,39.175,38.101,38.701,13772555,0
2014-10-28,38.894,39.525,38.546,39.023,12574518,0
2014-10-29,38.855,39.175,38.051,38.729,16277343,0
2014-10-30,38.797,39.555,38.516,39.176,10869542,0
2014-10-31,39.916,40.586,39.663,40.197,13385677,0
2014-11-03,40.294,40.926,40.274,40.83,8685476,0
2014-11-04,41.636,42.483,41.316,41.51,17919859,0
2014-11-05,42.114,42.141,40.916,41.074,11859301,0
2014-11-06,41.403,42.901,41.403,41.938,14890221,0
2014-11-07,42.037,42.277,41.441,41.997,9281096,0
2014-11-10,41.316,42.714,40.508,42.609,13548541,0
2014-11-11,42.774,43.23,42.114,42.228,11369877,0
2014-11-12,42.047,42.415,41.646,42.218,7926155,0
2014-11-13,42.345,43.22,42.277,42.891,11453767,0
2014-11-14,42.951,43.299,42.455,42.783,8995795,0
2014-11-17,42.744,43.339,42.415,42.473,8938175,0
2014-11-18,42.542,44.191,42.542,43.794,14626720,0
2014-11-19,43.579,44.135,42.811,42.871,11613338,0
2014-11-20,42.483,43.474,41.997,42.931,9699939,0
2014-11-21,43.142,43.249,42.047,42.104,11177282,0
2014-11-24,42.473,42.734,41.589,42.007,9850985,0
2014-11-25,41.978,43.2,41.898,42.921,11892505,0
2014-11-26,43.075,44.477,42.774,43.717,13165586,0
2014-11-28,45.691,48.072,45.691,47.177,22259042,0
2014-12-01,47.684,48.091,46.039,46.545,15585794,0
2014-12-02,46.711,47.344,45.837,46.526,12193237,0
2014-12-03,46.41,47.119,45.611,46.896,9173347,0
2014-12-04,48.317,48.869,47.946,48.267,15668436,0
2014-12-05,48.695,50.306,48.616,49.589,16032227,0
2014-12-08,49.034,49.89,48.754,49.402,16626818,0
2014-12-09,47.75,47.83,46.069,46.963,21163526,0
2014-12-10,48.404,48.994,46.905,47.577,19017364,0
2014-12-11,48.413,50.065,48.267,49.122,15514969,0
2014-12-12,50.232,50.259,48.507,48.577,15798963,0
2014-12-15,48.811,49.89,47.946,49.422,15808553,0
2014-12-16,49.589,49.725,46.352,46.623,22673566,0
2014-12-17,46.915,48.109,44.768,47.439,25488305,0
2014-12-18,47.207,49.511,46.176,48.744,17412109,0
2014-12-19,48.287,49.521,47.732,49.295,27554524,0
2014-12-22,49.678,50.434,49.305,49.422,9124742,0
2014-12-23,49.531,49.715,48.451,48.811,7375337,0
2014-12-24,49.251,50.249,48.945,49.997,6132296,0
2014-12-26,50.026,50.793,49.638,50.512,7037624,0
2014-12-29,50.249,51.755,49.87,51.377,9042192,0
2014-12-30,51.524,52.203,51.358,51.932,8294163,0
2014-12-31,52.398,53.117,51.834,52.135,11380074,0
2015-01-02,52.787,53.078,51.593,52.408,11058442,0
2015-01-05,52.855,53.021,51.853,52.379,11895506,0
2015-01-06,52.757,52.914,50.678,51.563,14165787,0
2015-01-07,51.893,52.154,50.668,51.534,10357774,0
2015-01-08,51.992,52.767,51.765,52.164,9948748,0
2015-01-09,52.173,52.408,50.376,50.571,12704713,0
2015-01-12,49.579,50.016,47.83,48.198,18780006,0
2015-01-13,48.725,49.997,48.081,48.994,12610297,0
2015-01-14,48.042,48.83,46.759,48.032,16134343,0
2015-01-15,47.76,48.994,47.227,48.032,10695025,0
2015-01-16,48.004,48.577,46.925,48.422,13349393,0
2015-01-20,49.569,51.358,49.344,51.28,16246825,0
2015-01-21,51.183,52.494,50.502,52.173,26382083,0
2015-01-22,53.03,54.266,52.408,54.041,18048732,0
2015-01-23,53.858,54.418,53.273,54.137,10819894,0
2015-01-26,54.333,54.634,53.205,53.903,13728749,0
2015-01-27,52.486,53.001,51.076,51.221,20372260,0
2015-01-28,51.385,52.202,48.897,49.211,17326307,0
2015-01-29,49.619,50.959,49.162,50.783,17093958,0
2015-01-30,50.551,50.678,47.275,47.714,19000637,0
2015-02-02,47.567,47.567,44.923,47.363,23055259,0
2015-02-03,45.981,46.818,45.252,46.176,17154302,0
2015-02-04,47.266,48.404,46.887,48.081,12173523,0
2015-02-05,48.179,48.179,46.367,47.546,9461769,0
2015-02-06,47.576,48.188,46.65,46.899,8878789,0
2015-02-09,45.208,46.015,44.761,45.326,13305762,0
2015-02-10,46.172,47.127,45.686,46.806,9323815,0
2015-02-11,47.526,47.683,46.124,46.357,10325309,0
2015-02-12,45.538,47.244,45.198,46.64,9794908,0
2015-02-13,46.3,47.146,45.442,47.136,10158578,0
2015-02-17,47.507,48.169,46.62,46.766,7453332,0
2015-02-18,47.342,48.169,46.932,48.032,8981390,0
2015-02-19,49.464,49.484,48.307,48.489,11767595,0
2015-02-20,48.518,49.795,47.858,49.699,10816479,0
2015-02-23,50.41,50.849,49.631,49.981,9756879,0
2015-02-24,48.986,50.226,48.081,50.186,14270786,0
2015-02-25,49.904,50.157,48.179,48.442,9830960,0
2015-02-26,49.075,49.075,47.749,48.072,7776850,0
2015-02-27,47.799,48.119,46.61,46.66,9645353,0
2015-03-02,46.951,47.313,46.61,47.058,11788208,0
2015-03-03,46.61,47.759,46.513,47.507,9291850,0
2015-03-04,47.584,47.693,46.738,47.683,6889431,0
2015-03-05,47.917,47.926,46.542,47.146,7228206,0
2015-03-06,47.078,47.673,46.66,46.748,7188478,0
2015-03-09,46.806,47.322,46.348,46.679,7658553,0
2015-03-10,46.27,46.348,45.266,45.529,9585352,0
2015-03-11,45.686,46.65,45.374,46.162,6806585,0
2015-03-12,46.338,47.926,46.329,47.917,7326257,0
2015-03-13,47.536,48.208,47.029,47.946,9432188,0
2015-03-16,48.479,49.144,48.169,48.919,11187447,0
2015-03-17,51.267,52.777,51.141,52.3,42950181,0
2015-03-18,52.3,53.186,51.96,52.728,21891886,0
2015-03-19,53.156,53.811,53.039,53.761,19400153,0
2015-03-20,53.761,54.598,53.438,54.317,141430049,0
2015-03-23,54.061,54.481,52.962,52.991,19548289,0
2015-03-24,52.64,53.001,52.271,52.532,12258180,0
2015-03-25,52.231,52.388,50.586,50.663,14616353,0
2015-03-26,49.524,50.351,48.946,49.932,14621385,0
2015-03-27,50.05,51.481,50.05,51.297,9243294,0
2015-03-30,51.783,52.445,51.675,52.251,8384348,0
2015-03-31,52.271,52.34,51.317,51.411,8609376,0
2015-04-01,49.776,50.05,48.813,49.134,15595410,0
2015-04-02,49.174,49.534,47.877,47.897,14484849,0
2015-04-06,47.097,47.428,46.435,46.835,13677538,0
2015-04-07,47.049,47.536,46.26,46.26,9640010,0
2015-04-08,46.561,47.819,46.493,47.477,11477253,0
2015-04-09,47.593,48.198,46.484,46.601,11882443,0
2015-04-10,46.913,47.526,46.484,46.493,12024732,0
2015-04-13,46.24,47.332,46.24,46.552,9598802,0
2015-04-14,46.26,46.542,45.666,46.192,10141046,0
2015-04-15,46.756,47.458,46.435,46.513,10107943,0
2015-04-16,46.571,47.643,46.513,46.99,7346134,0
2015-04-17,46.951,47.39,46.708,46.941,8889944,0
2015-04-20,47.381,48.489,46.669,48.47,9776731,0
2015-04-21,48.706,50.088,48.179,50.03,11138316,0
2015-04-22,50.069,50.206,49.095,50.069,7510699,0
2015-04-23,49.756,50.381,49.386,50.117,10082840,0
2015-04-24,50.635,52.083,50.157,51.346,20786355,0
2015-04-27,51.297,51.317,50.351,50.527,10105013,0
2015-04-28,50.361,50.477,48.716,49.864,9481157,0
2015-04-29,49.272,49.484,46.425,47.613,18530117,0
2015-04-30,47.341,48.278,46.863,47.126,9630493,0
2015-05-01,47.487,48.639,47.351,48.209,8282471,0
2015-05-04,48.229,48.883,47.633,47.779,5726681,0
2015-05-05,47.057,47.546,45.779,45.887,11663690,0
2015-05-06,45.662,46.501,45.047,45.916,10363335,0
2015-05-07,46.267,48.434,46.267,47.888,11704611,0
2015-05-08,48.053,48.639,47.759,47.868,6636733,0
2015-05-11,47.829,49.097,47.633,48.463,8233400,0
2015-05-12,47.937,48.219,47.468,47.683,6987565,0
2015-05-13,48.092,48.658,47.243,47.331,8762546,0
2015-05-14,47.769,47.918,47.341,47.643,8175515,0
2015-05-15,48.229,48.268,47.4,47.507,6812311,0
2015-05-18,47.4,47.995,47.224,47.829,6302495,0
2015-05-19,48.278,48.491,46.559,46.706,15351846,0
2015-05-20,46.423,46.423,41.943,42.032,52720447,0
2015-05-21,42.157,42.352,41.387,41.454,24480853,0
2015-05-22,41.68,41.903,41.016,41.592,16507569,0
2015-05-26,42.022,42.06,40.373,40.566,17907316,0
2015-05-27,40.654,41.435,40.605,41.231,13336577,0
2015-05-28,41.241,41.483,40.772,40.966,9463532,0
2015-05-29,40.664,41.582,40.333,41.357,13560222,0
2015-06-01,41.513,43.32,41.084,43.123,22453700,0
2015-06-02,42.264,43.046,42.012,42.733,15193600,0
2015-06-03,42.314,42.86,41.982,42.1,13597513,0
2015-06-04,42.022,42.93,40.879,41.161,14473964,0
2015-06-05,41.123,41.563,40.713,40.723,10194780,0
2015-06-08,40.088,40.253,38.332,38.907,26388447,0
2015-06-09,37.873,39.747,37.53,39.362,27686541,0
2015-06-10,39.248,40.225,38.75,39.465,16115314,0
2015-06-11,39.815,40.273,38.987,39.065,10364468,0
2015-06-12,38.887,40.01,38.809,39.737,10574351,0
2015-06-15,39.387,40.02,39.055,39.11,9046431,0
2015-06-16,39.169,39.357,38.379,38.537,9437582,0
2015-06-17,38.332,39.13,37.98,38.927,9801684,0
2015-06-18,38.848,39.258,38.663,39.017,10907722,0
2015-06-19,39.337,40.888,39.337,40.566,20692912,0
2015-06-22,41.893,42.217,41.231,42.002,15490357,0
2015-06-23,41.953,42.382,41.337,41.705,10964027,0
2015-06-24,41.68,41.893,41.065,41.231,7064764,0
2015-06-25,41.63,42.382,41.191,41.231,8374264,0
2015-06-26,41.426,41.563,40.343,40.45,10060264,0
2015-06-29,39.796,40.333,38.643,38.799,18083949,0
2015-06-30,39.238,39.633,38.977,38.982,11458393,0
2015-07-01,39.678,39.923,36.896,37.873,25516915,0
2015-07-02,38.088,38.858,37.484,38.098,11351325,0
2015-07-06,38.155,39.047,38.146,38.78,9381951,0
2015-07-07,38.977,39.767,38.322,39.698,10629982,0
2015-07-08,39.337,39.347,38.203,38.37,11467092,0
2015-07-09,38.887,39.318,38.702,38.721,8698720,0
2015-07-10,39.54,40.645,39.532,40.225,16854463,0
2015-07-13,40.986,41.7,40.956,41.406,12372635,0
2015-07-14,41.036,41.444,40.303,41.055,13012495,0
2015-07-15,40.403,41.211,39.426,40.546,18361652,0
2015-07-16,40.811,41.211,40.313,40.403,12407878,0
2015-07-17,40.497,40.841,40.253,40.413,9974310,0
2015-07-20,40.556,40.713,39.474,39.58,7833028,0
2015-07-21,39.532,40.313,39.522,39.923,7478760,0
2015-07-22,39.982,40.615,39.982,40.44,8506115,0
2015-07-23,41.759,42.763,40.996,41.592,16985803,0
2015-07-24,41.973,42.08,38.673,38.682,20645989,0
2015-07-27,38.682,39.834,37.97,39.179,12366899,0
2015-07-28,39.218,40.393,39.218,40.185,8386457,0
2015-07-29,40.107,40.343,39.474,39.757,6967951,0
2015-07-30,39.609,39.953,38.967,39.308,5999195,0
2015-07-31,39.56,39.57,38.927,39.14,7126131,0
2015-08-03,39.278,40.851,39.248,40.713,9488664,0
2015-08-04,41.142,41.749,40.879,41.72,13681213,0
2015-08-05,41.824,42.264,41.572,41.933,7766642,0
2015-08-06,42.314,42.51,40.858,41.268,7558936,0
2015-08-07,41.298,41.562,40.504,40.592,5712125,0
2015-08-10,40.848,41.512,40.553,40.779,7012241,0
2015-08-11,40.838,42.481,40.75,41.778,10606009,0
2015-08-12,41.453,41.759,39.801,41.601,10665440,0
2015-08-13,41.834,42.343,41.356,41.749,6751809,0
2015-08-14,41.434,42.236,41.434,41.953,4965172,0
2015-08-17,42.032,43.059,41.893,43.001,8570641,0
2015-08-18,43.108,43.488,42.305,42.687,6456726,0
2015-08-19,42.589,43.313,42.275,42.589,8558987,0
2015-08-20,41.913,42.579,40.877,41.073,9102440,0
2015-08-21,40.504,40.7,38.89,38.89,16600588,0
2015-08-24,35.026,39.04,33.362,36.806,20046159,0
2015-08-25,38.539,38.636,36.679,36.689,13103667,0
2015-08-26,37.932,38.165,36.171,38.011,16026370,0
2015-08-27,38.323,38.598,37.149,38.185,14098480,0
2015-08-28,38.089,38.723,37.52,37.784,12086265,0
2015-08-31,37.794,38.9,37.784,38.137,12683889,0
2015-09-01,37.794,38.95,37.668,38.353,16397189,0
2015-09-02,39.104,40.612,38.94,40.612,19743659,0
2015-09-03,40.934,41.004,39.898,40.005,10124542,0
2015-09-04,39.526,40.427,39.282,39.723,9953649,0
2015-09-08,40.389,40.681,39.811,39.918,11053738,0
2015-09-09,40.259,41.268,39.752,40.113,12757074,0
2015-09-10,40.494,40.974,39.829,40.319,9384216,0
2015-09-11,40.329,41.239,40.162,41.239,8826064,0
2015-09-14,41.258,41.581,40.934,41.376,7525233,0
2015-09-15,41.443,41.923,40.984,41.719,7164226,0
2015-09-16,41.482,42.314,41.327,42.128,7873361,0
2015-09-17,42.178,43.625,42.06,43.04,13119305,0
2015-09-18,42.491,43.078,42.343,42.55,12721910,0
2015-09-21,42.775,43.059,41.953,42.295,6835006,0
2015-09-22,41.844,42.148,40.035,40.299,12759525,0
2015-09-23,40.427,40.602,39.623,40.349,8431123,0
2015-09-24,40.259,40.259,39.058,39.381,10739515,0
2015-09-25,40.045,40.143,39.058,39.371,7691223,0
2015-09-28,39.01,39.312,37.804,38.234,9848670,0
2015-09-29,38.204,38.91,37.952,38.333,7644002,0
2015-09-30,38.333,38.822,36.904,37.991,16173450,0
2015-10-01,37.668,38.42,37.022,38.353,9377795,0
2015-10-02,37.912,37.932,36.611,37.794,12547540,0
2015-10-05,38.059,39.43,37.981,39.322,9630034,0
2015-10-06,39.086,39.497,37.256,37.304,13319944,0
2015-10-07,37.58,38.559,36.943,38.46,10746084,0
2015-10-08,38.363,39.162,37.863,38.88,8491734,0
2015-10-09,39.4,41.571,39.381,41.502,17207002,0
2015-10-12,41.669,42.932,41.629,42.892,11695577,0
2015-10-13,41.769,43.02,41.601,42.471,13543068,0
2015-10-14,43.049,43.537,42.295,42.852,11371610,0
2015-10-15,43.145,43.518,42.559,43.498,8366221,0
2015-10-16,43.001,43.068,41.933,42.765,11828695,0
2015-10-19,42.882,43.528,42.677,43.488,9132082,0
2015-10-20,43.576,44.202,43.488,43.821,6510755,0
2015-10-21,43.528,44.201,43.136,43.353,7094621,0
2015-10-22,43.919,45.014,43.402,44.995,14763869,0
2015-10-23,45.367,45.417,42.862,44.682,20729678,0
2015-10-26,44.38,45.562,44.018,45.465,11269913,0
2015-10-27,45.407,45.681,44.662,45.455,6974831,0
2015-10-28,45.201,45.358,44.251,44.868,7798340,0
2015-10-29,44.642,45.102,44.231,44.868,5349993,0
2015-10-30,44.781,45.759,44.722,45.221,8779558,0
2015-11-02,45.201,45.807,45.201,45.465,6326115,0
2015-11-03,46.102,46.171,45.181,45.591,7122191,0
2015-11-04,45.514,45.543,44.268,44.74,8241082,0
2015-11-05,44.809,44.936,44.151,44.71,5982243,0
2015-11-06,44.621,45.073,44.169,44.456,11901867,0
2015-11-09,44.288,44.328,43.691,43.779,7358208,0
2015-11-10,43.787,44.278,43.159,43.621,6053434,0
2015-11-11,43.886,44.073,43.504,43.524,4504812,0
2015-11-12,43.426,43.651,42.966,43.044,6069445,0
2015-11-13,42.816,43.368,42.278,42.603,7635099,0
2015-11-16,41.582,42.004,41.034,41.994,10404137,0
2015-11-17,42.161,42.612,41.23,41.473,9787503,0
2015-11-18,41.493,41.493,40.209,40.934,11291351,0
2015-11-19,41.121,41.895,41.073,41.473,6675675,0
2015-11-20,41.572,41.875,41.23,41.377,5768473,0
2015-11-23,41.289,41.905,40.994,41.473,4248917,0
2015-11-24,40.219,40.828,39.66,40.426,7728727,0
2015-11-25,40.542,40.69,40.16,40.503,4361719,0
2015-11-27,40.572,41.426,40.368,40.877,3127739,0
2015-11-30,40.934,41.17,40.179,40.455,6579192,0
2015-12-01,40.66,42.456,40.493,42.416,9090256,0
2015-12-02,43.229,43.661,42.681,42.966,8169708,0
2015-12-03,42.797,43.73,42.083,42.426,7379258,0
2015-12-04,42.966,44.112,42.966,44.093,9649204,0
2015-12-07,44.466,45.581,44.338,44.887,9089074,0
2015-12-08,44.218,44.621,43.209,43.681,9223653,0
2015-12-09,43.436,44.308,42.346,42.797,8160249,0
2015-12-10,42.936,43.612,42.691,43.229,8113944,0
2015-12-11,42.436,42.739,41.24,41.269,10438917,0
2015-12-14,41.435,42.034,40.278,40.954,10992604,0
2015-12-15,41.15,41.984,41.101,41.771,7238561,0
2015-12-16,42.151,42.642,41.299,42.356,8007160,0
2015-12-17,42.484,43.093,41.621,41.631,7368700,0
2015-12-18,40.799,41.483,39.906,40.288,18164381,0
2015-12-21,40.542,41.602,40.542,41.572,6728811,0
2015-12-22,41.731,42.239,41.533,42.059,5818273,0
2015-12-23,41.945,42.534,41.602,42.446,6214884,0
2015-12-24,42.426,43.328,42.268,42.956,3372930,0
2015-12-28,42.769,43.179,42.073,42.386,4230605,0
2015-12-29,42.406,42.769,42.191,42.652,4086690,0
2015-12-30,42.787,42.787,41.631,41.965,5179393,0
2015-12-31,41.711,41.741,41.014,41.523,6302723,0
2016-01-04,40.483,40.543,39.513,40.111,11912819,0
2016-01-05,40.378,40.68,39.168,39.73,10152872,0
2016-01-06,39.268,40.886,39.218,40.426,12050929,0
2016-01-07,40.17,40.71,38.906,39.66,10947946,0
2016-01-08,40.141,40.552,39.475,39.581,8372610,0
2016-01-11,39.769,40.398,39.119,40.278,16193530,0
2016-01-12,40.348,41.533,39.69,41.18,12311763,0
2016-01-13,41.347,41.905,38.886,39.318,12069547,0
2016-01-14,39.427,39.984,38.103,39.759,11105517,0
2016-01-15,38.278,39.109,37.623,38.005,18159544,0
2016-01-19,38.817,39.006,37.465,38.103,10715004,0
2016-01-20,37.777,39.069,35.494,38.297,15504121,0
2016-01-21,38.169,39.218,37.278,39.016,9024792,0
2016-01-22,39.218,39.926,38.797,39.378,6881147,0
2016-01-25,39.238,39.378,38.063,38.123,9247133,0
2016-01-26,37.975,38.976,37.689,38.866,7501387,0
2016-01-27,39.368,40.073,38.709,38.916,9281723,0
2016-01-28,38.836,39.016,36.925,37.395,16423002,0
2016-01-29,36.787,38.322,35.884,38.228,19690668,0
2016-02-01,38.238,39.158,37.876,38.613,12096738,0
2016-02-02,38.073,38.208,36.279,36.308,11929476,0
2016-02-03,36.651,36.875,35.058,36.777,11627277,0
2016-02-04,36.612,37.846,35.983,37.465,8293456,0
2016-02-05,36.974,37.738,35.819,36.032,9401814,0
2016-02-08,35.473,35.55,34.176,34.951,11545595,0
2016-02-09,34.342,36.132,34.322,35.58,10426723,0
2016-02-10,35.954,37.006,35.915,36.495,7786263,0
2016-02-11,35.855,36.594,35.56,35.875,6204725,0
2016-02-12,36.3,37.34,35.808,37.183,8942730,0
2016-02-16,37.489,38.119,36.897,37.96,6579767,0
2016-02-17,38.293,39.157,38.214,38.677,8071652,0
2016-02-18,38.696,39.014,38.303,38.874,9252482,0
2016-02-19,38.501,39.396,38.382,39.09,10789490,0
2016-02-22,39.466,40.241,39.396,40.151,9635176,0
2016-02-23,39.877,40.122,39.494,39.7,6033496,0
2016-02-24,39.347,40.142,38.725,39.976,5895013,0
2016-02-25,40.074,40.683,39.73,40.663,6572777,0
2016-02-26,40.802,40.899,39.7,40.181,6786991,0
2016-02-29,40.083,40.644,39.818,40.31,5209533,0
2016-03-01,40.743,41.314,40.37,41.125,7558154,0
2016-03-02,40.772,41.096,40.594,40.889,7619722,0
2016-03-03,40.821,41.528,40.535,41.174,8319605,0
2016-03-04,41.459,41.459,40.723,40.928,9509163,0
2016-03-07,40.614,41.518,40.211,41.421,6604308,0
2016-03-08,40.604,40.713,39.377,40.083,7946478,0
2016-03-09,40.054,41.018,39.838,40.948,8039157,0
2016-03-10,41.401,41.401,40.221,40.928,5913771,0
2016-03-11,41.184,41.785,40.998,41.757,5606049,0
2016-03-14,41.597,41.981,41.411,41.871,4646236,0
2016-03-15,41.587,41.772,41.274,41.401,4521506,0
2016-03-16,41.105,41.717,40.889,41.597,4875033,0
2016-03-17,41.597,41.597,41.115,41.391,6062722,0
2016-03-18,41.597,42.796,41.047,42.708,13981410,0
2016-03-21,42.591,43.043,42.551,42.738,4837844,0
2016-03-22,41.294,42.295,41.135,42.041,6836718,0
2016-03-23,42.08,42.138,40.879,41.214,9747529,0
2016-03-24,41.174,41.244,39.513,39.818,12729512,0
2016-03-28,40.31,40.644,39.65,40.221,6327875,0
2016-03-29,40.211,40.732,40.083,40.653,6479244,0
2016-03-30,41.047,41.362,40.663,40.683,5803689,0
2016-03-31,40.802,40.978,40.29,40.32,7846908,0
2016-04-01,39.456,39.485,38.61,38.854,10607964,0
2016-04-04,39.138,39.561,38.493,38.706,7450812,0
2016-04-05,38.472,38.715,38.089,38.274,7307281,0
2016-04-06,38.412,38.412,37.693,38.244,5473248,0
2016-04-07,38.01,38.392,37.271,37.713,7589280,0
2016-04-08,38.049,38.069,37.479,37.851,5654262,0
2016-04-11,38.137,38.884,38.02,38.079,7461890,0
2016-04-12,38.165,38.765,38.109,38.531,5492126,0
2016-04-13,38.638,39.337,38.234,39.267,11734650,0
2016-04-14,39.66,40.958,39.571,40.475,9621873,0
2016-04-15,40.604,40.663,40.034,40.221,6433879,0
2016-04-18,40.485,40.565,39.754,40.231,4912109,0
2016-04-19,40.3,41.057,40.276,40.644,6261457,0
2016-04-20,40.663,41.008,40.418,40.565,4683124,0
2016-04-21,40.112,40.241,39.128,39.337,10215707,0
2016-04-22,37.046,37.841,36.386,37.567,20018089,0
2016-04-25,37.517,37.752,36.295,36.376,12279512,0
2016-04-26,36.644,36.857,35.649,36.3,14355758,0
2016-04-27,36.171,36.663,35.905,36.092,11830672,0
2016-04-28,36.415,36.465,35.286,35.365,9269099,0
2016-04-29,35.206,35.226,33.528,34.106,16384003,0
2016-05-02,34.5,34.673,33.919,33.949,8381820,0
2016-05-03,34.273,34.283,33.376,34.096,10073716,0
2016-05-04,33.692,33.82,32.539,32.745,12276421,0
2016-05-05,32.814,33.052,32.271,32.346,11106004,0
2016-05-06,32.213,32.686,31.739,32.558,11844848,0
2016-05-09,32.568,33.326,32.479,32.479,7671601,0
2016-05-10,32.775,33.326,32.627,33.296,7611787,0
2016-05-11,33.207,33.564,32.39,32.399,7670761,0
2016-05-12,32.548,32.558,30.851,30.891,13743729,0
2016-05-13,30.655,31.562,30.645,31.069,9578217,0
2016-05-16,31.364,31.848,30.557,31.671,11611237,0
2016-05-17,31.798,32.824,31.572,32.184,12684776,0
2016-05-18,32.154,32.892,31.887,32.154,7854095,0
2016-05-19,31.828,32.135,31.245,31.7,8179424,0
2016-05-20,31.848,32.351,31.503,31.557,6628688,0
2016-05-23,31.582,31.838,31.255,31.284,6142610,0
2016-05-24,31.444,31.823,31.404,31.7,6481173,0
2016-05-25,31.937,32.439,31.651,31.71,6796763,0
2016-05-26,31.68,31.888,30.93,31.069,6756470,0
2016-05-27,31.159,31.394,30.974,31.209,8106503,0
2016-05-31,31.304,31.523,30.891,31.464,8100627,0
2016-06-01,31.494,31.808,31.284,31.503,5918261,0
2016-06-02,31.226,31.621,31.139,31.226,6491798,0
2016-06-03,31.149,31.149,29.944,30.378,12022474,0
2016-06-06,30.339,30.861,29.954,30.823,7826231,0
2016-06-07,31.02,32.409,30.665,31.907,11807840,0
2016-06-08,32.174,32.509,31.768,32.055,7819115,0
2016-06-09,31.798,33.111,31.798,32.932,7687439,0
2016-06-10,32.341,33.011,32.184,32.676,7610718,0
2016-06-13,32.529,32.529,31.199,31.354,8725884,0
2016-06-14,31.364,31.523,29.6,29.934,12496383,0
2016-06-15,30.222,30.665,30.024,30.063,7063675,0
2016-06-16,29.382,29.382,28.613,28.733,17433869,0
2016-06-17,28.693,29.137,28.446,28.928,13469763,0
2016-06-20,29.333,29.964,29.227,29.293,7994262,0
2016-06-21,29.866,29.964,29.273,29.6,8494311,0
2016-06-22,29.63,29.905,29.402,29.461,6072515,0
2016-06-23,29.827,30.063,29.353,29.905,8768829,0
2016-06-24,27.805,28.1,26.661,26.661,22656496,0
2016-06-27,26.475,26.475,24.502,24.916,21803173,0
2016-06-28,25.754,26.505,25.398,26.395,18605152,0
2016-06-29,26.564,27.672,26.564,27.311,14467032,0
2016-06-30,27.471,27.915,27.105,27.915,10858671,0
2016-07-01,27.865,29.107,27.805,28.918,12711076,0
2016-07-05,28.683,28.753,27.795,28.525,8964162,0
2016-07-06,27.371,28.002,26.74,27.953,17842094,0
2016-07-07,27.992,29.057,27.915,28.988,11406052,0
2016-07-08,29.382,29.852,29.283,29.62,12641980,0
2016-07-11,29.807,31,29.797,30.725,11926844,0
2016-07-12,32.321,34.402,32.291,34.176,24342236,0
2016-07-13,34.51,34.796,33.637,33.969,14558714,0
2016-07-14,34.619,35.683,34.51,35.378,16242799,0
2016-07-15,35.013,35.554,34.826,35.378,8478674,0
2016-07-18,35.525,35.833,35.259,35.525,7829796,0
2016-07-19,35.279,35.574,34.836,35.507,7776125,0
2016-07-20,35.564,36.211,34.895,35.417,12585816,0
2016-07-21,34.609,35.063,33.959,34.471,15714251,0
2016-07-22,35.939,36.048,35.102,35.851,14328746,0
2016-07-25,35.842,35.889,35.023,35.299,9359031,0
2016-07-26,35.407,36.167,35.151,36.038,8548196,0
2016-07-27,35.988,36.088,35.397,35.693,6267159,0
2016-07-28,35.564,36.018,35.249,35.833,5982693,0
2016-07-29,35.753,36.225,35.003,35.003,8711270,0
2016-08-01,35.043,35.249,34.609,35.102,6737530,0
2016-08-02,34.895,34.905,32.912,33.042,10974056,0
2016-08-03,33.101,33.584,32.803,33.111,7471017,0
2016-08-04,33.199,33.397,32.636,33.208,5751595,0
2016-08-05,33.337,34.337,33.307,34.059,15302338,0
2016-08-08,33.842,34.494,33.742,33.971,5716937,0
2016-08-09,34.821,35.108,34.159,34.207,6805055,0
2016-08-10,34.207,34.366,33.367,33.802,5441588,0
2016-08-11,33.872,34.692,33.862,34.574,7127847,0
2016-08-12,34.357,34.781,34.277,34.534,5748217,0
2016-08-15,34.574,35.652,34.514,35.474,6835057,0
2016-08-16,35.276,36.383,35.236,36.343,8815364,0
2016-08-17,36.276,36.343,35.791,36.196,7872611,0
2016-08-18,36.027,36.291,35.652,36.266,4918969,0
2016-08-19,36.037,36.333,35.702,36.087,6298788,0
2016-08-22,35.929,36.077,35.464,35.602,4883129,0
2016-08-23,35.919,36.246,35.781,35.997,5095484,0
2016-08-24,35.869,36.582,35.792,36.246,5365355,0
2016-08-25,35.938,36.532,35.919,36.314,5151934,0
2016-08-26,36.276,36.432,35.622,35.85,5642144,0
2016-08-29,35.731,36.007,35.652,35.771,4385312,0
2016-08-30,35.059,36.942,34.959,36.642,13722356,0
2016-08-31,36.562,36.572,35.236,35.899,12080193,0
2016-09-01,36.127,36.305,35.484,35.84,6181463,0
2016-09-02,35.602,36.296,35.602,36.127,5111658,0
2016-09-06,36.047,36.562,35.958,36.552,4777358,0
2016-09-07,37.087,39.083,37.007,38.311,13016757,0
2016-09-08,38.252,38.976,38.006,38.906,6370384,0
2016-09-09,38.571,38.906,37.748,38.066,8116334,0
2016-09-12,36.808,37.956,36.216,37.916,10821844,0
2016-09-13,37.698,37.887,36.808,36.957,8752403,0
2016-09-14,36.592,36.788,35.85,35.987,7597576,0
2016-09-15,35.909,36.226,35.454,36.007,7486944,0
2016-09-16,35.859,35.958,35.078,35.098,9045344,0
2016-09-19,35.266,35.711,34.959,35.049,5142148,0
2016-09-20,35.356,35.464,34.742,34.761,5694739,0
2016-09-21,34.614,34.761,33.527,34.287,9696348,0
2016-09-22,34.574,35.632,34.465,34.861,7018542,0
2016-09-23,34.911,35.276,34.574,35.157,4337266,0
2016-09-26,34.801,35.153,34.475,34.544,6926948,0
2016-09-27,34.594,35.726,34.514,35.602,4742371,0
2016-09-28,35.701,36.452,35.38,35.444,5870329,0
2016-09-29,35.256,36.196,35.206,35.424,5890241,0
2016-09-30,35.582,36.582,35.464,36.206,6629132,0
2016-10-03,36.057,37.332,35.929,37.283,8433727,0
2016-10-04,37.966,38.351,37.136,37.215,8488630,0
2016-10-05,37.402,37.693,36.897,37.452,4451525,0
2016-10-06,37.412,37.797,37.155,37.748,4872170,0
2016-10-07,37.827,38.057,36.987,37.312,4852520,0
2016-10-10,37.531,38.521,37.057,38.461,6514233,0
2016-10-11,39.547,39.547,37.64,37.777,9332768,0
2016-10-12,37.698,37.961,36.947,36.967,7112275,0
2016-10-13,36.542,39.065,36.394,38.806,14201311,0
2016-10-14,39.016,39.48,38.158,38.222,8420646,0
2016-10-17,38.232,39.291,37.946,38.153,5192013,0
2016-10-18,38.411,39.451,38.411,38.916,9956451,0
2016-10-19,39.046,40.36,38.966,40.251,12202300,0
2016-10-20,40.477,40.477,38.981,40.141,14076098,0
2016-10-21,39.529,39.801,39.211,39.461,9201528,0
2016-10-24,39.806,40.101,39.331,39.391,6351848,0
2016-10-25,39.221,39.984,38.926,39.251,5913624,0
2016-10-26,38.144,39.816,37.787,38.886,10008795,0
2016-10-27,39.016,39.736,38.826,39.47,6434695,0
2016-10-28,39.411,40.121,39.361,39.616,6680021,0
2016-10-31,39.865,40.36,39.636,40.151,6027658,0
2016-11-01,40.062,40.4,39.126,39.361,9129509,0
2016-11-02,39.281,39.806,39.181,39.271,5333370,0
2016-11-03,39.441,39.897,38.965,39.045,6058337,0
2016-11-04,38.935,39.877,38.905,39.401,6775439,0
2016-11-07,40.044,41.295,39.966,41.135,8264919,0
2016-11-08,41.066,41.492,40.669,41.343,5707306,0
2016-11-09,40.413,42.384,40.093,42.048,8253029,0
2016-11-10,42.344,43.02,41.789,41.938,8446810,0
2016-11-11,41.711,42.583,41.325,42.563,6504213,0
2016-11-14,42.643,43.237,42.613,43.03,7840661,0
2016-11-15,44.615,44.894,43.217,44.378,13280164,0
2016-11-16,44.278,44.413,43.555,44.07,6161615,0
2016-11-17,44.011,45.458,43.673,45.439,8456023,0
2016-11-18,45.756,46.092,45.23,45.855,7495360,0
2016-11-21,46.062,46.351,45.556,45.686,6453497,0
2016-11-22,45.636,46.548,45.556,45.686,5737491,0
2016-11-23,45.656,45.994,45.31,45.944,4963483,0
2016-11-25,45.944,46.46,45.904,46.42,2246383,0
2016-11-28,46.241,46.484,45.27,46.102,7232614,0
2016-11-29,46.192,46.737,45.776,46.488,4894983,0
2016-11-30,45.746,46.46,45.031,46.042,7569233,0
2016-12-01,45.805,46.687,45.27,45.359,7022736,0
2016-12-02,45.696,46.46,45.517,45.706,6192993,0
2016-12-05,46.052,46.142,45.19,45.33,5209907,0
2016-12-06,45.766,46.152,45.527,46.032,5002489,0
2016-12-07,46.212,48.516,46.122,48.234,9689665,0
2016-12-08,48.184,48.184,47.292,47.639,6243708,0
2016-12-09,48.849,50.207,48.324,49.216,9664875,0
2016-12-12,48.74,48.919,47.034,47.183,8443757,0
2016-12-13,47.53,48.075,47.302,47.431,6071167,0
2016-12-14,47.431,48.333,47.397,47.51,5023228,0
2016-12-15,47.689,49.523,47.689,47.887,7388415,0
2016-12-16,48.194,48.65,47.153,47.223,8469978,0
2016-12-19,47.48,48.184,47.332,48.165,4645309,0
2016-12-20,48.085,49.077,48.085,48.799,4690451,0
2016-12-21,48.919,49.473,48.809,49.047,3799752,0
2016-12-22,48.928,49.027,48.045,48.274,3524373,0
2016-12-23,48.194,48.423,47.872,48.065,2895098,0
2016-12-27,47.877,48.501,47.728,48.194,2765405,0
2016-12-28,48.314,48.413,47.203,47.263,4109818,0
2016-12-29,47.392,47.589,46.558,46.846,3689989,0
2016-12-30,47.014,47.253,46.072,46.291,4533779,0
2017-01-03,46.876,46.936,45.741,45.904,6709362,0
2017-01-04,46.232,47.029,45.954,46.301,5750132,0
2017-01-05,46.122,46.528,45.22,45.507,6292690,0
2017-01-06,45.458,46.321,45.081,45.815,7071325,0
2017-01-09,45.616,46.936,45.389,46.678,4554264,0
2017-01-10,46.598,48.095,46.568,48.065,7269467,0
2017-01-11,48.869,49.473,47.689,48.224,6368939,0
2017-01-12,48.254,48.581,46.44,47.689,5345892,0
2017-01-13,47.748,48.016,47.133,47.243,3510597,0
2017-01-17,47.153,47.342,46.271,46.351,5265848,0
2017-01-18,46.321,47.392,46.251,47.233,4921797,0
2017-01-19,47.233,47.679,46.479,46.856,3709919,0
2017-01-20,47.133,47.748,46.836,47.589,5486519,0
2017-01-23,47.49,47.679,46.351,46.538,4135251,0
2017-01-24,46.648,47.392,46.4,47.133,4870662,0
2017-01-25,47.49,47.798,47.203,47.5,4491853,0
2017-01-26,48.016,49.285,47.986,49.166,10075666,0
2017-01-27,49.572,49.572,46.321,46.548,18594721,0
2017-01-30,45.23,45.527,43.486,44.507,16129403,0
2017-01-31,44.408,44.457,43.368,43.872,11151281,0
2017-02-01,44.368,44.615,43.535,43.673,7893687,0
2017-02-02,43.237,44.139,43.197,43.633,7627666,0
2017-02-03,43.932,44.168,43.389,43.822,6412742,0
2017-02-06,44.418,45.21,44.358,44.913,6341177,0
2017-02-07,45.359,45.736,44.625,44.784,5699376,0
2017-02-08,44.874,44.874,44.129,44.674,4158073,0
2017-02-09,44.784,46.304,44.654,46.006,6884925,0
2017-02-10,46.325,46.404,45.878,46.155,3998004,0
2017-02-13,46.265,47.476,46.205,47.109,5893249,0
2017-02-14,46.96,46.979,46.155,46.275,5300963,0
2017-02-15,47.288,47.745,46.632,47.239,8118095,0
2017-02-16,47.199,47.348,46.364,46.672,5616755,0
2017-02-17,46.532,46.802,46.135,46.612,4384988,0
2017-02-21,46.712,46.97,46.288,46.512,4442613,0
2017-02-22,46.205,46.404,45.578,46.025,5477819,0
2017-02-23,46.125,47.019,45.598,45.808,5235099,0
2017-02-24,45.708,46.006,45.291,45.987,4402289,0
2017-02-27,45.888,46.065,45.391,46.025,3869379,0
2017-02-28,46.025,46.424,45.738,46.065,4601901,0
2017-03-01,46.492,47.83,46.404,46.792,7970460,0
2017-03-02,46.374,46.444,45.351,45.431,7098685,0
2017-03-03,45.558,46.96,45.48,46.522,7128616,0
2017-03-06,46.115,46.384,44.098,45.022,11100069,0
2017-03-07,44.734,44.944,44.277,44.555,4397013,0
2017-03-08,44.507,45.012,44.314,44.605,5272732,0
2017-03-09,44.217,44.644,42.976,43.055,9333331,0
2017-03-10,43.184,43.671,42.698,43.621,6761131,0
2017-03-13,43.363,43.84,41.992,42.101,8938999,0
2017-03-14,41.793,41.833,40.581,40.948,10273639,0
2017-03-15,40.243,41.922,39.956,41.823,14075499,0
2017-03-16,41.912,42.081,41.187,41.862,7103334,0
2017-03-17,41.734,41.946,41.336,41.455,9061130,0
2017-03-20,41.912,42.146,41.187,41.435,6269576,0
2017-03-21,41.614,41.714,40.084,40.163,7989359,0
2017-03-22,39.528,40.293,38.962,40.093,10006517,0
2017-03-23,40.442,41.594,40.223,41.147,9577347,0
2017-03-24,41.425,41.798,41.157,41.465,6521891,0
2017-03-27,40.81,41.624,40.303,41.475,5647489,0
2017-03-28,41.565,42.658,41.287,42.329,5961909,0
2017-03-29,42.419,42.489,41.604,41.694,5293497,0
2017-03-30,41.584,42.369,41.525,42.27,3668941,0
2017-03-31,42.101,42.668,42.007,42.032,5326071,0
2017-04-03,42.061,42.3,41.361,42.181,5801522,0
2017-04-04,41.823,41.962,40.561,40.64,7252169,0
2017-04-05,40.889,41.862,40.8,41.048,6930993,0
2017-04-06,41.137,41.694,40.899,41.455,3572711,0
2017-04-07,41.267,41.833,41.018,41.545,4163402,0
2017-04-10,41.545,42.399,41.356,42.052,4362884,0
2017-04-11,42.509,43.671,42.143,43.651,10335175,0
2017-04-12,44.507,45.062,43.552,43.681,9692564,0
2017-04-13,43.671,43.74,43.06,43.075,5386345,0
2017-04-17,43.194,43.97,43.085,43.95,4202012,0
2017-04-18,43.75,44.247,43.125,43.533,5668755,0
2017-04-19,43.79,44.492,43.621,44.118,6504370,0
2017-04-20,44.427,45.091,44.277,44.934,4937531,0
2017-04-21,45.211,45.211,44.699,44.864,4995615,0
2017-04-24,45.211,46.145,45.181,46.145,6375588,0
2017-04-25,46.502,47.089,46.085,46.315,5997624,0
2017-04-26,46.215,46.602,45.947,46.095,6056005,0
2017-04-27,43.631,43.93,42.141,43.701,19107752,0
2017-04-28,43.74,43.78,42.29,42.349,13443260,0
2017-05-01,42.489,42.688,41.744,41.813,8634237,0
2017-05-02,41.793,43.631,41.784,43.592,9381647,0
2017-05-03,43.393,43.89,43.145,43.641,5168983,0
2017-05-04,43.9,44.108,42.921,43.636,4504430,0
2017-05-05,43.72,44.237,43.493,44.227,5497673,0
2017-05-08,44.317,44.759,44.232,44.654,6230186,0
2017-05-09,45.111,46.999,44.964,46.792,11186253,0
2017-05-10,46.732,47.476,46.374,46.999,7426945,0
2017-05-11,46.911,46.94,45.361,46.245,6115505,0
2017-05-12,46.065,46.245,45.537,45.637,3896207,0
2017-05-15,45.507,46.793,45.498,46.484,5549355,0
2017-05-16,46.593,46.934,44.551,46.743,4644620,0
2017-05-17,46.055,46.364,44.691,44.741,6935497,0
2017-05-18,44.213,45.209,44.193,44.463,6654675,0
2017-05-19,44.611,45.189,44.551,45.029,6763777,0
2017-05-22,45.139,46.055,45.139,46.015,4434205,0
2017-05-23,46.075,46.493,45.747,46.464,3017140,0
2017-05-24,46.543,47.231,46.454,46.573,3906219,0
2017-05-25,46.793,47.918,46.623,47.818,5464653,0
2017-05-26,47.589,48.615,47.529,48.535,6004512,0
2017-05-30,48.117,48.373,47.589,47.758,5536081,0
2017-05-31,47.997,48.276,47.33,48.206,4505117,0
2017-06-01,48.296,49.152,48.097,48.844,4439923,0
2017-06-02,49.352,50.258,49.162,49.312,7733103,0
2017-06-05,49.322,49.74,49.192,49.531,5489718,0
2017-06-06,49.262,49.89,49.112,49.531,4491843,0
2017-06-07,49.232,50.696,48.595,50.646,7107181,0
2017-06-08,50.646,51.652,50.198,51.214,6564140,0
2017-06-09,51.393,51.732,50.038,50.058,7234739,0
2017-06-12,49.89,50.009,47.898,49.272,8633895,0
2017-06-13,49.352,49.7,48.635,49.242,5172978,0
2017-06-14,49.432,49.57,48.684,49.182,4044705,0
2017-06-15,48.934,49.112,48.167,48.904,4598963,0
2017-06-16,48.694,49.242,48.416,48.585,6649436,0
2017-06-19,48.924,49.511,48.61,49.451,4111769,0
2017-06-20,49.013,49.152,47.808,47.828,6059908,0
2017-06-21,48.127,48.436,47.928,48.226,3484167,0
2017-06-22,50.288,50.348,48.585,48.764,9831068,0
2017-06-23,48.794,48.894,48.266,48.426,12735249,0
2017-06-26,48.605,49.57,48.331,48.575,4009711,0
2017-06-27,48.396,49.347,48.296,48.296,4280923,0
2017-06-28,48.615,49.586,48.605,49.043,4276804,0
2017-06-29,49.073,49.476,48.615,49.412,6191467,0
2017-06-30,49.71,50.298,49.392,50.108,6644489,0
2017-07-03,50.566,51.064,50.158,50.158,2918797,0
2017-07-05,50.228,51.329,49.969,51.044,5179273,0
2017-07-06,50.756,52.359,50.646,51.832,7049905,0
2017-07-07,52.08,53.156,51.96,52.807,6567900,0
2017-07-10,52.757,52.936,52.01,52.438,4619031,0
2017-07-11,52.359,52.438,51.254,51.393,4557535,0
2017-07-12,52.896,53.599,52.23,53.574,8379819,0
2017-07-13,53.176,54.251,52.926,53.584,5368870,0
2017-07-14,53.574,54.052,53.116,53.992,4556674,0
2017-07-17,53.982,54.052,53.624,53.644,3743444,0
2017-07-18,53.604,53.614,52.797,52.926,4112212,0
2017-07-19,52.04,52.966,51.562,52.389,5797927,0
2017-07-20,52.498,52.558,51.881,52.12,4816459,0
2017-07-21,51.91,52.329,51.234,51.692,4563612,0
2017-07-24,51.572,51.812,51.024,51.064,4896038,0
2017-07-25,51.284,51.682,50.333,50.398,4502124,0
2017-07-26,50.418,50.949,49.8,50.796,4781009,0
2017-07-27,50.128,50.128,48.545,49.79,10295797,0
2017-07-28,48.814,50.457,48.525,50.278,9187837,0
2017-07-31,50.636,51.014,49.825,50.228,6029848,0
2017-08-01,50.915,51.782,50.112,50.846,5064885,0
2017-08-02,50.676,50.964,49.69,50.238,4699084,0
2017-08-03,50.348,50.979,50.148,50.338,3245009,0
2017-08-04,50.457,50.706,50.173,50.586,3006085,0
2017-08-07,50.606,50.915,50.248,50.368,3029409,0
2017-08-08,50.466,50.566,49.68,49.79,4286746,0
2017-08-09,49.531,49.71,49.023,49.192,5041607,0
2017-08-10,48.923,49.232,48.085,48.444,5422470,0
2017-08-11,48.394,48.678,47.336,48.244,5620057,0
2017-08-14,48.753,49.063,48.394,48.703,2994330,0
2017-08-15,48.653,48.893,48.244,48.414,3172642,0
2017-08-16,48.534,48.624,48.165,48.304,4195196,0
2017-08-17,48.145,48.234,45.695,45.929,10315850,0
2017-08-18,46.199,46.199,45.341,45.45,6254473,0
2017-08-21,45.63,45.989,45.311,45.61,4351361,0
2017-08-22,45.75,45.83,45.226,45.311,4028426,0
2017-08-23,45.071,45.144,43.425,43.874,8176064,0
2017-08-24,44.034,44.054,42.577,42.826,7071338,0
2017-08-25,42.996,45.331,42.916,45.151,11763411,0
2017-08-28,45.131,45.273,44.682,44.852,6975480,0
2017-08-29,44.433,44.752,44.283,44.463,5206536,0
2017-08-30,44.443,44.667,43.794,44.223,5476403,0
2017-08-31,44.443,44.842,44.333,44.652,3807941,0
2017-09-01,44.752,45.371,44.552,45.211,4578917,0
2017-09-05,44.692,45.181,43.744,43.824,8522312,0
2017-09-06,42.996,44.582,42.514,44.213,8815928,0
2017-09-07,44.093,44.528,43.44,43.734,5105865,0
2017-09-08,43.714,44.014,43.395,43.505,4694800,0
2017-09-11,43.914,45.989,43.904,45.76,7937345,0
2017-09-12,45.8,46.378,45.53,46.189,6339047,0
2017-09-13,46.249,47.476,45.999,46.897,7304048,0
2017-09-14,46.688,46.837,46.019,46.089,5363470,0
2017-09-15,45.201,45.939,45.091,45.899,14878707,0
2017-09-18,45.919,46.199,45.171,45.211,4611308,0
2017-09-19,45.181,45.56,43.934,44.283,6882628,0
2017-09-20,44.822,45.46,44.363,45.321,4718434,0
2017-09-21,45.371,46.468,44.892,46.189,5876652,0
2017-09-22,46.468,47.356,46.249,46.957,5353653,0
2017-09-25,46.877,47.855,46.788,47.596,6376732,0
2017-09-26,47.735,48.155,47.127,47.496,4716070,0
2017-09-27,47.476,47.995,46.528,46.748,6193089,0
2017-09-28,46.678,48.494,46.678,47.386,8379886,0
2017-09-29,47.386,47.745,47.127,47.386,4914083,0
2017-10-02,47.416,47.825,47.117,47.626,4922099,0
2017-10-03,47.556,50.479,47.526,50.4,10272181,0
2017-10-04,50.39,51.557,50.38,50.619,7470782,0
2017-10-05,50.739,50.879,50.15,50.45,4221533,0
2017-10-06,50.589,51.477,50.539,51.188,4249115,0
2017-10-09,51.118,51.367,50.29,50.489,3698603,0
2017-10-10,51.886,53.134,51.866,52.914,9403989,0
2017-10-11,52.984,53.623,52.216,52.715,5405345,0
2017-10-12,52.605,52.715,52.226,52.535,2972311,0
2017-10-13,52.555,52.746,52.145,52.585,2966709,0
2017-10-16,52.405,52.565,51.817,52.156,3268635,0
2017-10-17,52.605,52.705,51.757,51.956,3657219,0
2017-10-18,51.996,52.323,51.747,51.916,2547627,0
2017-10-19,51.457,51.717,49.525,51.397,7463888,0
2017-10-20,51.447,52.126,51.417,51.817,3651344,0
2017-10-23,51.807,51.836,50.759,50.869,3456220,0
2017-10-24,50.909,51.986,50.44,51.836,3654538,0
2017-10-25,51.667,51.667,50.499,50.909,4661368,0
2017-10-26,51.886,53.074,48.214,48.504,12102539,0
2017-10-27,48.304,48.783,47.227,47.456,8609865,0
2017-10-30,47.546,47.566,46.728,47.147,5414359,0
2017-10-31,47.117,47.496,46.688,46.718,4606669,0
2017-11-01,47.895,48.095,47.267,47.735,4364056,0
2017-11-02,47.686,47.824,46.987,47.257,2415938,0
2017-11-03,47.257,47.506,46.698,47.346,4046023,0
2017-11-06,47.356,47.995,47.177,47.406,4258497,0
2017-11-07,47.406,47.406,46.299,46.358,3763615,0
2017-11-08,46.319,46.877,45.74,46.269,3205573,0
2017-11-09,45.75,46.249,45.261,45.67,3567014,0
2017-11-10,45.64,46.12,45.56,45.82,2433022,0
2017-11-10,44.48,44.95,44.41,44.66,2433000.0,0
2017-11-13,44.47,44.7,44.18,44.58,1772400.0,0
2017-11-14,44.15,44.81,44.12,44.65,1827100.0,0
2017-11-15,44.55,46.11,44.3,45.99,5223100.0,0
2017-11-16,46.06,46.84,46.04,46.47,4461400.0,0
2017-11-17,46.39,46.54,45.99,46.19,2324800.0,0
2017-11-20,46.13,46.67,45.93,46.48,2436000.0,0
2017-11-21,46.68,47.68,46.34,47.42,2796200.0,0
2017-11-22,47.35,47.73,47.05,47.43,2326900.0,0
2017-11-24,47.43,47.52,47.13,47.33,1352400.0,0
2017-11-27,47.38,47.59,47.08,47.19,2630800.0,0
2017-11-28,47.21,48.17,46.98,47.97,3864100.0,0
2017-11-29,48.13,49.86,47.43,48.0,8154200.0,0
2017-11-30,48.5,49.82,48.05,49.21,6016200.0,0
2017-12-01,48.41,49.1,47.46,47.76,6229600.0,0
2017-12-04,48.83,50.17,48.39,48.67,7113800.0,0
2017-12-05,48.59,48.73,47.96,48.22,3594000.0,0
2017-12-06,48.14,48.55,47.94,48.35,2835500.0,0
2017-12-07,48.28,49.63,48.05,49.59,3047000.0,0
2017-12-08,49.93,50.48,49.64,49.73,3817900.0,0
2017-12-11,49.49,50.28,49.47,50.0,2835600.0,0
2017-12-12,49.97,50.22,49.1,49.19,2798200.0,0
2017-12-13,49.3,49.46,48.59,48.82,3035200.0,0
2017-12-14,49.31,50.06,48.81,48.94,4503100.0,0
2017-12-15,49.39,50.2,49.12,49.77,9074200.0,0
2017-12-18,49.95,50.35,49.95,50.19,3235900.0,0
2017-12-19,50.29,50.5,49.98,50.14,3019800.0,0
2017-12-20,50.26,50.78,49.87,50.6,5172800.0,0
2017-12-21,50.84,52.12,50.75,51.45,7125900.0,0
2017-12-22,51.38,51.54,51.09,51.26,2425100.0,0
2017-12-26,51.02,51.87,51.0,51.51,2774000.0,0
2017-12-27,51.46,51.54,50.74,51.07,2831400.0,0
2017-12-28,51.12,51.3,50.9,51.13,1845300.0,0
2017-12-29,51.09,51.48,50.69,50.71,2696300.0,0
2018-01-02,51.0,51.75,50.59,51.65,4084700.0,0
2018-01-03,51.52,51.52,50.74,51.01,5074900.0,0
2018-01-04,51.15,53.02,50.95,51.34,3557100.0,0
2018-01-05,51.44,51.5,51.1,51.32,2967800.0,0
2018-01-08,51.27,51.31,50.61,50.81,3515800.0,0
2018-01-09,51.63,52.02,50.69,50.76,3426000.0,0
2018-01-10,51.88,52.65,51.54,52.42,7655800.0,0
2018-01-11,53.11,55.56,52.81,54.99,11339900.0,0
2018-01-12,55.13,57.24,55.13,56.99,7505800.0,0
2018-01-16,57.3,57.58,56.07,56.51,5283900.0,0
2018-01-17,56.83,57.1,56.34,56.69,3148900.0,0
2018-01-18,56.53,57.22,56.1,56.86,3969100.0,0
2018-01-19,57.11,57.11,56.3,56.59,3151200.0,0
2018-01-22,56.52,56.86,56.07,56.63,3553900.0,0
2018-01-23,56.28,56.98,55.95,56.81,3337000.0,0
2018-01-24,52.97,54.05,52.1,53.4,16348500.0,0
2018-01-25,52.63,53.17,50.89,51.71,10223100.0,0
2018-01-26,52.29,52.53,51.01,51.73,7066100.0,0
2018-01-29,51.45,51.81,51.26,51.35,5953700.0,0
2018-01-30,51.12,51.71,51.03,51.26,4741800.0,0
2018-01-31,51.74,53.32,51.66,52.94,5962900.0,0
2018-02-01,52.63,53.26,52.23,52.52,3623100.0,0
2018-02-02,52.13,52.62,50.71,50.78,5109400.0,0
2018-02-05,50.03,51.16,48.58,48.59,6878300.0,0
2018-02-06,48.16,50.29,47.65,49.98,6782500.0,0
2018-02-07,49.72,50.76,49.7,50.19,4845800.0,0
2018-02-08,50.23,50.25,47.37,47.46,5995100.0,0
2018-02-09,48.53,48.56,45.24,47.23,6837800.0,0
2018-02-12,47.65,49.33,47.51,48.91,5437800.0,0
2018-02-13,48.53,49.73,48.48,49.68,3758000.0,0
2018-02-14,49.06,50.35,48.93,49.87,4983200.0,0
2018-02-15,50.24,50.66,49.74,50.46,3140800.0,0
2018-02-16,50.58,50.99,50.32,50.37,3891300.0,0
2018-02-20,50.03,51.0,49.9,50.51,3379700.0,0
2018-02-21,50.74,52.6,50.61,51.54,5396700.0,0
2018-02-22,51.99,52.16,51.46,51.74,4356700.0,0
2018-02-23,52.05,52.23,51.48,52.14,3394700.0,0
2018-02-26,52.72,53.84,52.66,53.71,4962100.0,0
2018-02-27,53.6,54.3,52.97,52.99,4878400.0,0
2018-02-28,53.13,53.32,52.38,52.98,4343800.0,0
2018-03-01,52.87,54.01,52.05,52.23,5895600.0,0
2018-03-02,51.66,52.17,50.65,51.93,4918200.0,0
2018-03-05,51.66,52.43,51.45,51.94,3974800.0,0
2018-03-06,52.09,52.75,51.66,52.31,4273800.0,0
2018-03-07,51.87,52.9,51.8,52.84,3216900.0,0
2018-03-08,53.06,54.38,53.01,53.5,4189500.0,0
2018-03-09,53.76,54.76,53.37,54.75,3468900.0,0
2018-03-12,54.94,55.63,54.32,55.17,3256400.0,0
2018-03-13,55.53,56.09,54.72,54.91,4361800.0,0
2018-03-14,55.24,55.87,53.87,53.98,4267000.0,0
2018-03-15,54.05,54.26,53.64,53.88,2980500.0,0
2018-03-16,54.01,55.09,53.97,54.1,4574400.0,0
2018-03-19,54.03,54.38,52.92,53.34,3834300.0,0
2018-03-20,53.64,54.39,53.39,54.02,2555600.0,0
2018-03-21,52.94,53.33,51.92,52.82,4811600.0,0
2018-03-22,52.32,52.91,51.06,51.08,4871300.0,0
2018-03-23,51.4,51.85,49.79,49.81,3966000.0,0
2018-03-26,50.72,50.82,49.45,50.64,3210500.0,0
2018-03-27,51.07,51.12,49.36,49.71,2940700.0,0
2018-03-28,49.71,50.06,48.88,49.66,4177500.0,0
2018-03-29,50.1,51.2,49.83,50.74,3074100.0,0
2018-04-02,50.56,50.73,47.81,48.61,4185800.0,0
2018-04-03,49.05,50.34,48.41,50.26,3863300.0,0
2018-04-04,49.41,50.88,49.33,50.82,3955000.0,0
2018-04-05,51.27,51.83,50.61,50.92,3060900.0,0
2018-04-06,50.5,50.74,48.64,49.11,4302600.0,0
2018-04-09,49.32,49.67,48.57,48.65,4330100.0,0
2018-04-10,49.33,49.38,46.1,46.35,12805000.0,0
2018-04-11,46.04,46.35,44.31,44.33,10151100.0,0
2018-04-12,44.95,45.7,44.44,45.48,7040400.0,0
2018-04-13,45.65,45.95,44.68,44.79,5226300.0,0
2018-04-16,45.05,45.84,44.74,45.31,4516300.0,0
2018-04-17,45.65,45.93,44.55,44.68,6961100.0,0
2018-04-18,45.41,47.25,44.97,46.64,9170700.0,0
2018-04-19,46.41,46.65,45.32,45.78,5759300.0,0
2018-04-20,45.81,46.13,45.35,45.68,5344700.0,0
2018-04-23,45.75,46.08,45.04,45.58,4221700.0,0
2018-04-24,45.62,46.06,44.05,44.62,3954300.0,0
2018-04-25,44.6,44.85,42.86,44.19,7847600.0,0
2018-04-26,42.47,42.77,39.7,41.38,20517300.0,0
2018-04-27,41.55,42.46,41.34,42.38,6955200.0,0
2018-04-30,42.48,42.78,41.76,41.92,6472900.0,0
2018-05-01,41.85,42.44,41.56,42.34,5341200.0,0
2018-05-02,42.22,42.39,41.2,41.25,6314400.0,0
2018-05-03,41.26,41.49,40.57,41.12,4700500.0,0
2018-05-04,40.77,42.43,40.77,41.85,5540900.0,0
2018-05-07,42.01,42.31,41.23,41.54,5331000.0,0
2018-05-08,41.43,43.08,41.43,42.09,7766600.0,0
2018-05-09,42.02,42.25,40.59,40.62,8273700.0,0
2018-05-10,40.63,41.56,40.63,41.15,7931600.0,0
2018-05-11,41.19,41.76,41.13,41.7,6066700.0,0
2018-05-14,41.84,42.18,41.31,41.56,4201600.0,0
2018-05-15,41.13,42.48,40.72,42.28,6909600.0,0
2018-05-16,42.22,43.96,42.13,43.13,7493600.0,0
2018-05-17,42.97,43.57,42.57,42.71,5334100.0,0
2018-05-18,42.64,42.83,42.13,42.46,4216100.0,0
2018-05-21,42.81,43.84,42.71,43.34,4930200.0,0
2018-05-22,43.56,44.09,41.92,41.97,6892400.0,0
2018-05-23,41.74,41.96,41.37,41.89,3915900.0,0
2018-05-24,42.03,42.96,41.85,42.64,3855300.0,0
2018-05-25,42.89,44.85,42.87,43.96,6517300.0,0
2018-05-29,43.66,44.19,42.3,42.67,4531800.0,0
2018-05-30,42.76,42.9,41.76,42.38,5457900.0,0
2018-05-31,42.48,43.76,42.06,42.62,8540100.0,0
2018-06-01,43.12,43.16,42.43,43.07,5472300.0,0
2018-06-04,43.11,44.06,43.03,43.91,5685200.0,0
2018-06-05,43.83,44.07,42.88,43.24,4975300.0,0
2018-06-06,42.53,43.29,41.97,43.25,6502500.0,0
2018-06-07,43.34,43.54,42.53,42.91,3729000.0,0
2018-06-08,43.03,43.04,42.05,42.2,6273000.0,0
2018-06-11,42.33,43.98,42.33,43.22,6440700.0,0
2018-06-12,43.29,43.36,42.18,42.49,5204600.0,0
2018-06-13,42.47,42.76,41.92,42.01,5989000.0,0
2018-06-14,42.15,42.57,41.89,42.17,4019300.0,0
2018-06-15,42.15,42.2,41.42,41.86,7032000.0,0
2018-06-18,41.73,41.78,41.05,41.54,5372100.0,0
2018-06-19,41.14,41.32,40.22,40.63,5575300.0,0
2018-06-20,40.77,41.44,40.47,41.14,4930600.0,0
2018-06-21,41.14,41.6,40.49,40.61,5025300.0,0
2018-06-22,40.58,41.51,40.15,40.47,9115100.0,0
2018-06-25,40.22,40.4,38.46,38.84,7126400.0,0
2018-06-26,39.03,39.11,38.16,38.26,6037400.0,0
2018-06-27,38.26,38.35,37.44,37.45,7391600.0,0
2018-06-28,37.52,37.71,36.28,37.39,7909700.0,0
2018-06-29,37.44,37.93,37.02,37.16,6032100.0,0
2018-07-02,36.94,37.59,36.65,37.55,3363500.0,0
2018-07-03,36.84,37.52,35.98,36.95,5645300.0,0
2018-07-05,37.05,37.37,36.73,37.19,6181500.0,0
2018-07-06,37.38,37.58,36.96,37.28,3695000.0,0
2018-07-09,37.4,38.58,37.26,38.48,4530400.0,0
2018-07-10,38.55,38.57,37.68,38.29,4910000.0,0
2018-07-11,37.5,37.53,35.14,35.2,24894200.0,0
2018-07-12,35.63,35.99,34.89,35.56,12226300.0,0
2018-07-13,35.54,36.47,35.37,36.33,10829800.0,0
2018-07-16,36.47,36.78,36.15,36.49,5358400.0,0
2018-07-17,36.31,37.24,36.29,36.59,6274400.0,0
2018-07-18,37.2,38.37,37.2,37.56,10297400.0,0
2018-07-19,37.51,37.57,36.75,37.32,4985200.0,0
2018-07-20,37.16,37.57,37.01,37.08,5302700.0,0
2018-07-23,36.85,37.41,36.57,37.23,4697300.0,0
2018-07-24,37.38,37.58,36.26,36.66,6415100.0,0
2018-07-25,36.53,37.53,36.53,37.38,7336300.0,0
2018-07-26,37.05,39.59,36.8,39.17,12832300.0,0
2018-07-27,39.08,39.99,38.67,38.85,8445100.0,0
2018-07-30,39.04,39.44,38.11,38.14,5746200.0,0
2018-07-31,38.43,39.03,38.31,38.7,5761100.0,0
2018-08-01,38.55,38.63,36.89,37.33,7080700.0,0
2018-08-02,37.06,37.31,36.56,37.13,5920700.0,0
2018-08-03,37.25,37.8,37.24,37.61,3975100.0,0
2018-08-06,37.55,37.77,37.16,37.69,3339900.0,0
2018-08-07,37.93,38.02,37.48,37.55,6427100.0,0
2018-08-08,37.69,38.14,37.51,37.67,3886500.0,0
2018-08-09,37.83,38.02,37.18,37.21,3699400.0,0
2018-08-10,37.05,37.09,35.77,36.57,7481700.0,0
2018-08-13,36.6,36.63,36.0,36.1,4051800.0,0
2018-08-14,36.15,36.86,36.14,36.4,3873000.0,0
2018-08-15,36.27,36.81,35.74,36.74,5599200.0,0
2018-08-16,37.05,37.74,36.74,37.45,5876500.0,0
2018-08-17,37.28,37.5,37.02,37.09,6364900.0,0
2018-08-20,37.33,39.35,37.28,39.25,9628900.0,0
2018-08-21,39.24,39.95,39.1,39.58,6491800.0,0
2018-08-22,39.33,39.44,38.41,38.46,5593100.0,0
2018-08-23,38.46,38.66,38.0,38.11,3931900.0,0
2018-08-24,38.18,38.42,37.81,38.1,3561700.0,0
2018-08-27,38.29,39.08,38.29,38.78,11236000.0,0
2018-08-28,38.93,39.94,38.86,39.93,7373500.0,0
2018-08-29,39.9,40.28,39.5,39.75,4475100.0,0
2018-08-30,39.61,40.08,39.4,39.65,4330100.0,0
2018-08-31,39.5,39.79,39.43,39.73,3464000.0,0
2018-09-04,39.57,40.57,39.57,40.01,7123200.0,0
2018-09-05,40.05,40.6,38.16,38.93,9738800.0,0
2018-09-06,38.74,38.95,37.54,37.76,6917300.0,0
2018-09-07,37.6,38.54,37.44,37.71,4875700.0,0
2018-09-10,37.94,38.75,37.77,38.7,3901000.0,0
2018-09-11,38.6,39.56,38.34,39.43,5863600.0,0
2018-09-12,39.51,39.65,38.5,38.53,6103400.0,0
2018-09-13,38.75,39.31,38.69,38.74,4268900.0,0
2018-09-14,38.8,39.23,38.59,39.0,2905100.0,0
2018-09-17,38.96,39.79,38.96,39.57,5072800.0,0
2018-09-18,39.61,40.1,38.91,40.03,5548300.0,0
2018-09-19,40.03,40.99,39.94,40.83,7413600.0,0
2018-09-20,41.04,41.38,40.42,41.11,6865600.0,0
2018-09-21,41.26,43.07,41.21,42.79,10743100.0,0
2018-09-24,42.46,42.49,41.07,41.2,7105100.0,0
2018-09-25,41.22,41.4,39.52,40.05,6744200.0,0
2018-09-26,40.08,40.71,40.02,40.28,4623700.0,0
2018-09-27,40.46,41.41,40.38,40.73,5654600.0,0
2018-09-28,40.6,41.18,39.94,40.56,5030600.0,0
2018-10-01,40.64,40.97,38.86,38.87,7210700.0,0
2018-10-02,38.86,38.86,37.68,37.78,7625000.0,0
2018-10-03,37.98,38.53,37.7,38.08,6370300.0,0
2018-10-04,38.08,38.28,36.78,37.21,5916500.0,0
2018-10-05,37.22,37.42,35.54,35.76,9127000.0,0
2018-10-08,35.76,36.16,34.94,35.23,7879300.0,0
2018-10-09,35.62,35.71,32.79,32.93,19662600.0,0
2018-10-10,32.71,32.78,31.0,31.02,20539000.0,0
2018-10-11,31.7,32.14,30.18,30.69,17115800.0,0
2018-10-12,31.37,31.53,30.24,30.33,12905200.0,0
2018-10-15,30.42,31.64,30.25,31.19,11092500.0,0
2018-10-16,31.46,32.82,31.38,32.66,11339200.0,0
2018-10-17,33.81,34.74,32.91,32.94,15068600.0,0
2018-10-18,32.95,33.13,31.28,31.46,12778300.0,0
2018-10-19,31.49,32.04,31.22,31.44,10445200.0,0
2018-10-22,31.67,31.91,31.23,31.56,7572100.0,0
2018-10-23,30.94,31.84,30.03,31.78,12468300.0,0
2018-10-24,31.88,32.14,29.68,29.78,15348200.0,0
2018-10-25,30.61,32.71,30.54,31.77,18375200.0,0
2018-10-26,30.82,32.4,30.72,31.86,11438600.0,0
2018-10-29,32.52,33.36,31.36,31.99,9405500.0,0
2018-10-30,31.84,34.13,31.73,34.01,13067600.0,0
2018-10-31,34.51,35.23,34.16,34.43,11132800.0,0
2018-11-01,34.64,35.79,34.42,35.69,9643200.0,0
2018-11-02,35.91,36.76,34.98,35.65,10039100.0,0
2018-11-05,35.77,35.94,34.57,35.15,11305300.0,0
2018-11-06,35.03,35.39,34.29,34.61,11376700.0,0
2018-11-07,35.0,36.8,34.92,36.38,10904000.0,0
2018-11-08,36.18,36.46,35.4,36.27,6884800.0,0
2018-11-09,36.12,36.67,35.46,35.64,6794400.0,0
2018-11-12,35.73,36.71,35.21,36.27,9360800.0,0
2018-11-13,36.56,37.81,36.51,37.18,9694100.0,0
2018-11-14,37.4,37.98,36.85,37.5,7288400.0,0
2018-11-15,37.27,37.55,35.73,37.22,8296700.0,0
2018-11-16,36.8,36.93,35.92,36.17,10645700.0,0
2018-11-19,36.18,36.49,34.75,35.25,9421000.0,0
2018-11-20,34.49,35.81,34.31,35.02,7059600.0,0
2018-11-21,35.52,36.91,35.4,35.73,8701500.0,0
2018-11-23,36.08,37.66,36.08,37.35,6121300.0,0
2018-11-26,37.69,38.01,37.1,37.49,9203100.0,0
2018-11-27,37.6,38.15,37.21,37.68,8143000.0,0
2018-11-28,37.98,38.35,37.18,38.32,6673800.0,0
2018-11-29,38.18,38.71,37.79,37.81,5178100.0,0
2018-11-30,37.81,39.56,37.81,39.52,10015700.0,0
2018-12-03,39.92,39.93,38.52,39.02,6578000.0,0
2018-12-04,38.2,38.59,36.09,36.11,12315100.0,0
2018-12-06,35.43,36.51,35.22,36.35,9378900.0,0
2018-12-07,36.0,36.02,32.85,33.04,14380100.0,0
2018-12-10,33.13,33.63,32.09,33.3,8569100.0,0
2018-12-11,33.81,34.26,33.08,33.56,8055400.0,0
2018-12-12,34.0,34.24,33.55,33.8,7630500.0,0
2018-12-13,33.75,34.14,31.86,31.94,10279700.0,0
2018-12-14,31.76,32.74,31.57,31.89,8558600.0,0
2018-12-17,31.79,32.34,31.2,31.53,7638100.0,0
2018-12-18,31.95,33.11,31.95,33.01,9117600.0,0
2018-12-19,32.93,33.44,31.72,31.9,8120500.0,0
2018-12-20,31.83,32.16,30.46,31.38,9439600.0,0
2018-12-21,31.44,32.13,30.16,30.29,11800600.0,0
2018-12-24,30.02,30.43,29.2,29.25,5902000.0,0
2018-12-26,29.64,31.82,29.12,31.78,8621300.0,0
2018-12-27,31.21,31.54,30.38,31.53,7751300.0,0
2018-12-28,31.66,32.08,31.01,31.32,6379400.0,0
2018-12-31,31.58,32.1,31.18,31.6,5334700.0,0
2019-01-02,30.96,32.13,30.56,31.96,5229500.0,0
2019-01-03,31.19,31.34,28.35,29.58,16822000.0,0
2019-01-04,29.96,31.58,29.92,31.53,9369600.0,0
2019-01-07,31.48,32.95,30.74,32.43,8010700.0,0
2019-01-08,32.83,33.11,31.69,31.9,7107700.0,0
2019-01-09,31.9,33.02,31.79,32.89,6179400.0,0
2019-01-10,30.13,31.7,29.31,31.53,19726300.0,0
2019-01-11,31.29,31.48,30.61,31.29,6900100.0,0
2019-01-14,30.9,31.42,30.21,31.21,5878500.0,0
2019-01-15,31.37,32.34,31.13,31.59,7643100.0,0
2019-01-16,32.3,33.13,32.22,32.32,9141600.0,0
2019-01-17,32.23,33.35,32.11,33.05,5917500.0,0
2019-01-18,33.3,33.5,32.62,33.43,5817700.0,0
2019-01-22,33.22,33.34,31.93,32.22,14598200.0,0
2019-01-23,32.41,32.57,30.89,31.15,14317900.0,0
2019-01-24,33.71,33.8,32.31,33.12,15531100.0,0
2019-01-25,33.4,34.94,33.22,34.42,15811300.0,0
2019-01-28,33.98,36.04,33.95,35.99,14843500.0,0
2019-01-29,36.18,36.49,35.5,35.71,8744300.0,0
2019-01-30,35.85,36.1,35.59,35.76,7435600.0,0
2019-01-31,35.73,35.97,34.98,35.2,7706600.0,0
2019-02-01,35.2,36.01,35.2,35.54,6611900.0,0
2019-02-04,35.58,36.22,35.55,36.19,9089300.0,0
2019-02-05,36.32,36.74,36.21,36.44,6003200.0,0
2019-02-06,36.31,36.6,36.13,36.27,5802800.0,0
2019-02-07,35.98,36.21,35.46,35.69,5857300.0,0
2019-02-08,35.33,35.75,34.92,35.52,4973300.0,0
2019-02-11,35.6,36.23,35.6,36.11,4932600.0,0
2019-02-12,36.27,36.68,35.2,35.28,6883200.0,0
2019-02-13,35.36,35.98,35.34,35.73,5837900.0,0
2019-02-14,35.43,36.05,35.2,35.63,4070000.0,0
2019-02-15,35.76,35.86,34.5,34.59,11471900.0,0
2019-02-19,34.57,35.43,34.54,35.0,6436100.0,0
2019-02-20,34.54,34.77,34.31,34.6,6969900.0,0
2019-02-21,34.52,35.04,34.37,34.52,5900700.0,0
2019-02-22,34.54,35.08,34.54,35.02,5393300.0,0
2019-02-25,35.28,35.9,35.2,35.43,10905900.0,0
2019-02-26,35.43,36.24,35.28,35.77,7565000.0,0
2019-02-27,35.63,35.85,34.8,35.22,5874900.0,0
2019-02-28,35.16,35.42,34.7,35.16,7873800.0,0
2019-03-01,35.11,35.48,33.92,34.18,8654000.0,0
2019-03-04,34.3,34.43,33.06,33.27,6998100.0,0
2019-03-05,33.58,33.93,32.73,32.79,7405700.0,0
2019-03-06,32.78,32.98,32.09,32.33,6420800.0,0
2019-03-07,32.27,32.27,31.2,31.79,7112400.0,0
2019-03-08,31.48,31.7,30.95,31.49,6200500.0,0
2019-03-11,31.22,31.84,31.15,31.63,8944000.0,0
2019-03-12,31.76,31.76,30.47,30.51,10887500.0,0
2019-03-13,30.81,31.51,30.59,31.42,11092900.0,0
2019-03-14,31.54,32.04,31.46,31.7,6454500.0,0
2019-03-15,31.85,31.92,31.0,31.01,9645100.0,0
2019-03-18,31.08,31.16,30.62,30.96,6832700.0,0
2019-03-19,31.08,31.7,30.96,31.17,6824500.0,0
2019-03-20,31.08,31.13,30.36,30.55,6250200.0,0
2019-03-21,30.48,31.35,30.38,31.03,5725100.0,0
2019-03-22,30.91,31.02,30.13,30.17,7488900.0,0
2019-03-25,30.13,30.31,29.76,29.81,5172000.0,0
2019-03-26,30.11,30.21,29.57,29.81,4583400.0,0
2019-03-27,29.87,30.79,29.75,30.53,6406900.0,0
2019-03-28,30.6,30.95,30.04,30.49,6687200.0,0
2019-03-29,30.73,31.47,30.43,31.34,6980800.0,0
2019-04-01,31.56,32.3,31.28,31.92,7438200.0,0
2019-04-02,32.6,33.03,32.03,32.55,10406100.0,0
2019-04-03,32.78,33.54,32.77,33.26,10047400.0,0
2019-04-04,33.51,33.67,32.91,33.48,6192300.0,0
2019-04-05,33.52,33.94,33.43,33.61,5164700.0,0
2019-04-08,33.19,33.5,33.0,33.43,6219800.0,0
2019-04-09,32.93,33.08,32.17,32.87,8119100.0,0
2019-04-10,33.31,33.68,32.65,33.57,7159500.0,0
2019-04-11,33.54,34.51,33.46,34.35,7352400.0,0
2019-04-12,34.53,34.77,34.04,34.23,4610500.0,0
2019-04-15,34.19,34.77,33.23,33.3,6390600.0,0
2019-04-16,33.51,33.64,33.15,33.58,4498400.0,0
2019-04-17,33.99,34.26,33.65,33.93,3772100.0,0
2019-04-18,33.97,34.16,33.45,33.92,3318200.0,0
2019-04-22,33.65,33.75,32.98,33.04,3884200.0,0
2019-04-23,32.99,33.73,32.98,33.52,3329800.0,0
2019-04-24,33.47,34.03,33.45,33.54,3739800.0,0
2019-04-25,33.6,33.8,32.69,32.97,6156500.0,0
2019-04-26,31.72,33.47,31.68,32.62,9623100.0,0
2019-04-29,33.07,33.54,32.87,33.32,5558200.0,0
2019-04-30,33.33,33.94,33.11,33.73,5719600.0,0
2019-05-01,33.85,34.13,33.43,33.46,4466600.0,0
2019-05-02,33.51,34.39,33.39,33.5,5320300.0,0
2019-05-03,33.76,34.44,33.7,34.33,5181400.0,0
2019-05-06,33.8,34.31,33.27,34.29,4156800.0,0
2019-05-07,33.89,33.97,33.06,33.56,6957800.0,0
2019-05-08,33.35,34.02,33.21,33.4,4374100.0,0
2019-05-09,33.04,33.67,32.72,33.6,4500100.0,0
2019-05-10,33.37,33.84,32.6,33.64,4949800.0,0
2019-05-13,32.82,32.86,31.65,31.81,7040900.0,0
2019-05-14,31.86,32.31,31.68,32.0,5503900.0,0
2019-05-15,31.7,32.08,31.22,31.83,4518600.0,0
2019-05-16,31.87,32.56,31.69,31.98,4739700.0,0
2019-05-17,31.7,32.02,31.36,31.41,4751600.0,0
2019-05-20,30.33,30.9,29.91,30.64,7576200.0,0
2019-05-21,30.89,31.31,30.81,30.98,4986900.0,0
2019-05-22,30.91,30.91,29.5,29.61,10258700.0,0
2019-05-23,29.42,29.67,29.01,29.19,11324600.0,0
2019-05-24,29.38,29.63,28.68,28.87,5764000.0,0
2019-05-28,28.96,29.02,28.2,28.43,8362800.0,0
2019-05-29,28.21,28.25,27.63,28.12,6248100.0,0
2019-05-30,28.2,28.45,27.7,27.88,4734100.0,0
2019-05-31,27.51,27.63,26.83,26.95,7441400.0,0
2019-06-03,26.84,27.52,26.74,26.92,6796300.0,0
2019-06-04,27.34,29.01,27.21,28.82,10218500.0,0
2019-06-05,29.45,30.13,29.15,30.04,8713700.0,0
2019-06-06,30.08,30.19,29.57,30.06,5507600.0,0
2019-06-07,30.27,30.83,30.11,30.6,4843600.0,0
2019-06-10,30.83,31.39,30.4,30.44,5449400.0,0
2019-06-11,30.78,30.97,30.19,30.26,3461800.0,0
2019-06-12,30.24,30.81,30.13,30.78,5144200.0,0
2019-06-13,31.36,32.97,31.08,32.75,10856500.0,0
2019-06-14,32.63,32.86,31.89,32.34,6128000.0,0
2019-06-17,31.77,32.58,31.77,32.22,3420700.0,0
2019-06-18,32.44,32.95,32.08,32.18,3789300.0,0
2019-06-19,32.38,32.95,32.17,32.87,5535500.0,0
2019-06-20,33.31,33.46,31.57,31.82,8969200.0,0
2019-06-21,31.7,32.05,31.18,31.24,7481800.0,0
2019-06-24,31.24,31.56,30.98,31.49,8425700.0,0
2019-06-25,31.5,31.78,30.92,30.94,6523600.0,0
2019-06-26,31.15,31.39,30.75,31.13,4089700.0,0
2019-06-27,31.23,32.21,31.09,31.82,4274500.0,0
2019-06-28,31.9,32.39,31.83,32.27,5238500.0,0
2019-07-01,32.8,33.31,32.19,32.54,8985600.0,0
2019-07-02,32.75,32.87,31.7,31.86,4765100.0,0
2019-07-03,32.06,32.51,32.01,32.38,2747700.0,0
2019-07-05,32.2,32.49,31.62,32.12,2583900.0,0
2019-07-08,31.66,32.58,31.65,32.45,5328800.0,0
2019-07-09,32.06,32.41,31.6,32.02,5450600.0,0
2019-07-10,32.59,33.34,32.25,32.6,8869700.0,0
2019-07-11,32.72,32.95,32.48,32.69,6842900.0,0
2019-07-12,32.78,33.55,32.66,33.43,5012200.0,0
2019-07-15,33.32,33.6,33.07,33.26,3483600.0,0
2019-07-16,33.35,34.31,33.35,33.86,6353600.0,0
2019-07-17,33.98,34.06,32.77,32.91,5881900.0,0
2019-07-18,33.06,33.47,32.77,33.39,3049300.0,0
2019-07-19,33.47,33.67,32.72,32.74,4249000.0,0
2019-07-22,32.88,33.07,32.51,32.56,4005600.0,0
2019-07-23,32.68,33.44,32.23,33.38,4524100.0,0
2019-07-24,33.27,34.63,33.27,34.23,7315300.0,0
2019-07-25,34.19,34.46,31.25,31.34,13152300.0,0
2019-07-26,31.67,31.92,30.84,30.92,7875200.0,0
2019-07-29,30.65,30.87,30.22,30.42,6963900.0,0
2019-07-30,30.13,30.49,29.9,30.39,5290200.0,0
2019-07-31,30.36,30.82,29.96,30.19,6269400.0,0
2019-08-01,30.11,30.25,29.12,29.53,8013000.0,0
2019-08-02,29.39,29.5,28.77,29.14,6475900.0,0
2019-08-05,28.67,28.67,27.71,28.23,8948900.0,0
2019-08-06,28.65,28.86,27.83,28.16,6010100.0,0
2019-08-07,27.81,28.56,27.63,28.43,6771500.0,0
2019-08-08,28.61,29.19,28.56,28.88,5028200.0,0
2019-08-09,28.65,28.87,28.36,28.58,4031300.0,0
2019-08-12,28.3,28.31,27.33,27.45,8015000.0,0
2019-08-13,27.43,28.17,27.14,27.32,12950000.0,0
2019-08-14,26.86,26.88,25.91,25.92,10104400.0,0
2019-08-15,26.02,26.13,24.97,25.23,10057900.0,0
2019-08-16,25.44,25.87,25.21,25.61,8826800.0,0
2019-08-19,26.02,26.51,25.9,25.92,9034800.0,0
2019-08-20,25.9,25.9,25.38,25.65,7658800.0,0
2019-08-21,25.88,26.42,25.83,26.24,6227500.0,0
2019-08-22,26.28,26.79,26.16,26.35,5957900.0,0
2019-08-23,26.09,26.33,25.18,25.24,8900100.0,0
2019-08-26,25.72,25.73,24.86,25.02,6722600.0,0
2019-08-27,25.1,25.17,24.15,24.28,7503700.0,0
2019-08-28,24.24,25.33,24.06,25.16,9079100.0,0
2019-08-29,25.61,26.43,25.52,26.14,7205600.0,0
2019-08-30,26.22,26.64,25.98,26.13,5076200.0,0
2019-09-03,25.98,26.48,25.77,26.33,6730000.0,0
2019-09-04,26.48,27.03,26.34,26.81,5653300.0,0
2019-09-05,27.26,27.92,27.25,27.5,6254600.0,0
2019-09-06,27.97,28.04,27.54,27.6,5791900.0,0
2019-09-09,27.6,28.55,27.52,28.24,8561600.0,0
2019-09-10,28.08,28.98,28.02,28.92,6377300.0,0
2019-09-11,28.96,29.72,28.53,29.55,10842600.0,0
2019-09-12,29.47,30.01,29.44,29.73,5808800.0,0
2019-09-13,29.99,30.13,29.66,29.74,7131900.0,0
2019-09-16,28.36,28.59,27.51,27.58,15507800.0,0
2019-09-17,27.83,29.05,27.73,28.44,12683400.0,0
2019-09-18,28.35,28.46,27.88,28.4,6129400.0,0
2019-09-19,28.43,28.54,27.97,28.1,5102700.0,0
2019-09-20,28.01,28.24,27.77,27.8,6885400.0,0
2019-09-23,27.52,27.69,27.17,27.31,5324400.0,0
2019-09-24,27.43,27.51,26.59,26.81,5558300.0,0
2019-09-25,26.94,27.64,26.83,27.25,6369400.0,0
2019-09-26,27.38,27.41,26.72,27.0,4831300.0,0
2019-09-27,26.82,27.62,26.72,26.82,5155100.0,0
2019-09-30,27.16,27.22,26.63,26.78,5109800.0,0
2019-10-01,26.89,27.47,26.41,26.62,6547000.0,0
2019-10-02,26.32,26.33,24.85,25.19,14178200.0,0
2019-10-03,25.29,25.33,24.34,25.1,8586400.0,0
2019-10-04,25.16,25.67,24.9,25.65,6446100.0,0
2019-10-07,25.62,25.88,25.34,25.65,5725400.0,0
2019-10-08,25.38,26.62,25.27,26.08,9028100.0,0
2019-10-09,26.6,27.14,26.51,26.88,8095500.0,0
2019-10-10,26.5,27.06,26.32,26.99,7057600.0,0
2019-10-11,27.44,27.83,27.15,27.17,7492400.0,0
2019-10-14,27.18,27.47,26.95,27.43,3167100.0,0
2019-10-15,27.44,28.17,27.09,28.07,7019200.0,0
2019-10-16,28.13,28.61,27.84,27.86,6353300.0,0
2019-10-17,28.11,28.24,27.66,27.74,6709600.0,0
2019-10-18,27.61,28.12,27.52,28.03,5689100.0,0
2019-10-21,28.31,28.71,28.23,28.42,6746400.0,0
2019-10-22,28.3,28.49,27.63,28.06,8022000.0,0
2019-10-23,28.06,28.2,27.69,28.09,8396900.0,0
2019-10-24,29.07,29.64,28.29,29.21,17890900.0,0
2019-10-25,29.2,30.68,29.1,30.65,13835700.0,0
2019-10-28,30.79,31.45,30.79,31.14,10298500.0,0
2019-10-29,31.2,31.27,30.47,30.71,6843200.0,0
2019-10-30,30.56,30.73,29.72,30.08,10356100.0,0
2019-10-31,29.86,30.0,29.26,29.85,8779400.0,0
2019-11-01,30.09,30.4,29.81,30.35,8270900.0,0
2019-11-04,30.5,30.78,30.26,30.74,5888600.0,0
2019-11-05,30.89,31.46,30.8,31.07,5500000.0,0
2019-11-06,31.06,31.08,30.54,30.85,4270300.0,0
2019-11-07,31.1,31.32,30.64,30.78,6342400.0,0
2019-11-08,30.61,30.74,29.85,30.65,6352900.0,0
2019-11-11,30.43,30.64,30.09,30.48,4109100.0,0
2019-11-12,30.47,30.56,29.29,29.41,8662900.0,0
2019-11-13,28.92,29.05,28.46,28.55,7152300.0,0
2019-11-14,28.64,28.79,28.36,28.66,4393200.0,0
2019-11-15,28.84,29.09,28.69,28.75,4552000.0,0
2019-11-18,28.53,28.78,28.18,28.49,5368800.0,0
2019-11-19,28.82,29.27,28.62,29.18,5965500.0,0
2019-11-20,29.03,29.13,27.95,28.13,9936100.0,0
2019-11-21,28.17,28.38,27.74,27.83,6071800.0,0
2019-11-22,28.1,28.61,28.03,28.57,4827100.0,0
2019-11-25,28.69,29.07,28.51,28.88,5171200.0,0
2019-11-26,28.84,28.96,28.46,28.94,5932800.0,0
2019-11-27,28.96,29.22,28.63,28.84,3381800.0,0
2019-11-29,28.81,29.16,28.55,28.63,2970800.0,0
2019-12-02,28.68,28.88,27.91,27.98,6850800.0,0
2019-12-03,27.63,27.67,26.86,27.19,7736600.0,0
2019-12-04,27.32,27.66,27.12,27.28,4805300.0,0
2019-12-05,27.36,27.47,26.95,27.14,4994500.0,0
2019-12-06,27.4,27.86,27.37,27.63,6093100.0,0
2019-12-09,27.52,27.73,27.36,27.39,4474400.0,0
2019-12-10,27.45,27.53,26.8,26.9,7538700.0,0
2019-12-11,26.98,27.0,26.58,26.76,5434600.0,0
2019-12-12,26.99,27.92,26.85,27.62,9645300.0,0
2019-12-13,27.83,28.03,27.27,27.38,5965200.0,0
2019-12-16,27.52,28.25,27.5,27.82,6997300.0,0
2019-12-17,27.87,28.38,27.76,28.18,5920300.0,0
2019-12-18,28.25,28.46,27.83,27.9,4633800.0,0
2019-12-19,27.9,28.46,27.83,28.44,6295100.0,0
2019-12-20,28.56,28.94,28.39,28.93,12277100.0,0
2019-12-23,29.14,29.61,29.09,29.19,9291100.0,0
2019-12-24,29.21,29.32,28.99,29.07,2373600.0,0
2019-12-26,29.21,29.6,29.15,29.56,4746500.0,0
2019-12-27,29.65,29.7,28.26,28.34,8416500.0,0
2019-12-30,28.4,28.42,27.97,28.2,4940300.0,0
2019-12-31,28.1,28.68,28.09,28.57,4396800.0,0
2020-01-02,28.87,29.19,28.54,28.98,6451100.0,0
2020-01-03,28.17,28.19,27.24,27.55,14008900.0,0
2020-01-06,27.09,27.39,26.98,27.22,6105800.0,0
2020-01-07,27.46,27.58,26.96,27.12,6105900.0,0
2020-01-08,27.0,27.99,26.97,27.74,10496800.0,0
2020-01-09,27.99,28.13,27.61,27.85,6898900.0,0
2020-01-10,27.86,27.89,27.15,27.22,8106800.0,0
2020-01-13,27.22,27.43,27.06,27.29,5874400.0,0
2020-01-14,27.81,28.3,27.25,27.43,8888900.0,0
2020-01-15,27.35,27.96,27.22,27.48,5689900.0,0
2020-01-16,27.69,28.16,27.66,28.13,6442800.0,0
2020-01-17,28.2,28.61,27.96,28.3,7379400.0,0
2020-01-21,27.87,27.89,26.95,27.1,16409400.0,0
2020-01-22,27.41,27.81,27.2,27.22,9852600.0,0
2020-01-23,27.29,28.88,25.94,28.69,25611100.0,0
2020-01-24,28.74,28.75,26.91,27.54,18067800.0,0
2020-01-27,26.47,26.5,25.28,26.01,21573800.0,0
2020-01-28,26.26,27.02,26.16,26.8,11939200.0,0
2020-01-29,26.78,27.39,26.64,26.7,9088700.0,0
2020-01-30,26.2,27.69,26.16,27.62,10685500.0,0
2020-01-31,27.4,27.42,26.49,26.74,11027900.0,0
2020-02-03,26.83,27.57,26.64,27.06,7631900.0,0
2020-02-04,27.68,28.61,27.55,28.43,10832900.0,0
2020-02-05,28.96,29.24,28.55,29.1,8959700.0,0
2020-02-06,29.26,29.45,28.14,28.3,8335800.0,0
2020-02-07,28.06,28.55,27.78,28.38,6231800.0,0
2020-02-10,28.19,28.81,27.98,28.79,15134300.0,0
2020-02-11,29.06,29.94,28.97,29.84,8977700.0,0
2020-02-12,30.0,30.78,29.99,30.47,9315400.0,0
2020-02-13,30.03,30.4,29.73,30.09,9119400.0,0
2020-02-14,30.01,30.27,29.14,29.2,5524800.0,0
2020-02-18,29.04,29.35,28.49,28.63,10485100.0,0
2020-02-19,28.84,28.88,28.31,28.33,8400700.0,0
2020-02-20,28.24,28.9,28.2,28.51,10093400.0,0
2020-02-21,28.12,28.3,27.17,27.82,11253600.0,0
2020-02-24,25.98,26.11,25.0,25.45,21713200.0,0
2020-02-25,25.62,25.75,23.05,23.12,22296900.0,0
2020-02-26,23.57,23.75,22.11,22.31,19610300.0,0
2020-02-27,20.85,22.48,19.77,20.6,31897300.0,0
2020-02-28,19.8,20.35,18.77,19.05,37166400.0,0
2020-03-02,19.05,19.06,17.51,18.86,38738000.0,0
2020-03-03,19.66,19.79,17.8,17.85,35402500.0,0
2020-03-04,18.36,18.55,17.3,18.53,44362100.0,0
2020-03-05,17.54,17.65,15.98,16.04,44656800.0,0
2020-03-06,15.02,17.12,14.8,15.97,54505000.0,0
2020-03-09,14.87,15.79,14.46,14.75,42558000.0,0
2020-03-10,15.82,17.67,14.61,17.0,56972700.0,0
2020-03-11,16.31,16.49,15.52,16.26,43705800.0,0
2020-03-12,14.05,15.75,13.33,13.45,53968500.0,0
2020-03-13,15.3,15.6,13.12,14.31,58376100.0,0
2020-03-16,12.41,16.2,12.0,15.92,84916800.0,0
2020-03-17,15.79,18.49,14.79,15.58,58055800.0,0
2020-03-18,14.24,14.28,10.17,11.65,78458800.0,0
2020-03-19,11.6,12.16,10.01,10.29,71584500.0,0
2020-03-20,10.65,12.0,10.3,10.38,62681800.0,0
2020-03-23,10.9,11.36,10.01,10.25,56427300.0,0
2020-03-24,11.96,14.81,11.54,13.92,101553100.0,0
2020-03-25,16.69,16.99,14.31,15.39,93795100.0,0
2020-03-26,16.06,17.24,15.16,15.66,77530600.0,0
2020-03-27,14.98,15.22,13.91,14.04,50783500.0,0
2020-03-30,13.2,13.22,11.81,12.25,50516800.0,0
2020-03-31,12.9,12.96,12.1,12.19,44851400.0,0
2020-04-01,11.45,11.48,10.5,10.69,56854400.0,0
2020-04-02,10.61,11.03,10.0,10.06,65534600.0,0
2020-04-03,10.34,10.49,9.09,9.39,87018900.0,0
2020-04-06,9.72,9.94,9.11,9.5,94272300.0,0
2020-04-07,11.07,12.2,10.05,10.22,138061000.0,0
2020-04-08,10.91,11.4,10.5,11.33,82718700.0,0
2020-04-09,12.64,13.4,11.82,12.51,117592800.0,0
2020-04-13,12.9,12.95,11.25,11.56,73385500.0,0
2020-04-14,12.22,12.6,11.75,11.95,68039500.0,0
2020-04-15,12.52,12.69,11.39,12.29,124719900.0,0
2020-04-16,11.91,12.03,11.05,11.07,83627000.0,0
2020-04-17,11.87,11.95,11.5,11.57,61279500.0,0
2020-04-20,11.15,11.35,10.72,11.06,58984900.0,0
2020-04-21,10.8,11.22,10.7,11.0,49882300.0,0
2020-04-22,11.09,11.13,10.02,10.27,76320100.0,0
2020-04-23,10.36,10.67,10.24,10.25,54598500.0,0
2020-04-24,10.4,10.5,9.9,10.31,67234900.0,0
2020-04-27,10.53,10.53,10.0,10.02,67378800.0,0
2020-04-28,10.29,11.63,10.21,11.26,114236700.0,0
2020-04-29,12.1,12.89,12.02,12.63,113669400.0,0
2020-04-30,11.92,12.59,11.26,12.01,94567100.0,0
2020-05-01,11.41,11.66,10.58,10.64,99441400.0,0
2020-05-04,9.41,10.17,9.15,9.82,125580000.0,0
2020-05-05,10.26,10.38,9.5,9.51,86943900.0,0
2020-05-06,9.58,9.73,9.09,9.25,68991000.0,0
2020-05-07,9.3,9.8,9.29,9.54,61817000.0,0
2020-05-08,9.78,10.15,9.68,10.14,59649800.0,0
2020-05-11,9.92,10.25,9.59,10.1,48705900.0,0
2020-05-12,10.01,10.2,9.6,9.65,46833100.0,0
2020-05-13,9.52,9.53,8.83,9.11,68704600.0,0
2020-05-14,8.77,9.19,8.25,9.15,72320500.0,0
2020-05-15,8.85,9.36,8.76,9.04,39560500.0,0
2020-05-18,9.62,9.94,9.36,9.87,76624400.0,0
2020-05-19,10.14,10.19,9.59,9.64,62242500.0,0
2020-05-20,9.91,10.14,9.77,9.87,44006700.0,0
2020-05-21,9.87,10.15,9.83,9.89,45785700.0,0
2020-05-22,10.02,10.12,9.63,9.7,37596800.0,0
2020-05-26,10.27,11.28,10.25,11.14,101717000.0,0
2020-05-27,12.43,12.55,11.07,11.98,99314800.0,0
2020-05-28,11.78,11.83,10.9,10.98,70488800.0,0
2020-05-29,10.48,10.87,10.32,10.5,59054700.0,0
2020-06-01,10.79,11.33,10.62,11.11,50313500.0,0
2020-06-02,11.4,11.64,10.97,11.22,49148600.0,0
2020-06-03,11.56,12.2,11.44,11.85,86685300.0,0
2020-06-04,12.85,18.18,12.63,16.72,399432600.0,0
2020-06-05,21.25,22.8,17.8,18.59,428617100.0,0
2020-06-08,19.86,20.36,19.13,20.31,175418900.0,0
2020-06-09,18.45,18.97,17.61,18.55,111234400.0,0
2020-06-10,17.69,18.16,15.92,17.02,163952500.0,0
2020-06-11,14.61,15.68,14.07,14.38,124220800.0,0
2020-06-12,16.82,17.31,15.67,16.74,160744900.0,0
2020-06-15,15.27,17.17,15.08,16.7,122904100.0,0
2020-06-16,18.36,18.44,16.55,17.03,127369700.0,0
2020-06-17,16.76,17.05,16.16,16.98,71397600.0,0
2020-06-18,16.37,17.07,16.28,16.49,64265300.0,0
2020-06-19,16.89,16.94,15.42,16.0,92320200.0,0
2020-06-22,14.9,15.52,14.72,14.92,118994500.0,0
2020-06-23,13.76,14.29,13.71,14.0,204022300.0,0
2020-06-24,13.59,13.9,12.83,13.04,140975500.0,0
2020-06-25,12.53,13.24,12.18,13.17,117383400.0,0
2020-06-26,13.2,13.29,12.13,12.38,108813000.0,0
2020-06-29,12.57,13.51,12.02,13.32,115051100.0,0
2020-06-30,13.1,13.48,12.88,13.07,69607700.0,0
2020-07-01,13.48,14.29,12.63,12.81,116661700.0,0
2020-07-02,13.35,13.42,12.42,12.5,86439500.0,0
2020-07-06,12.8,12.92,12.21,12.8,79312900.0,0
2020-07-07,12.51,12.54,11.91,11.91,77998100.0,0
2020-07-08,11.6,12.08,11.43,11.99,85034500.0,0
2020-07-09,11.94,11.94,11.15,11.18,77131200.0,0
2020-07-10,11.0,11.95,10.98,11.94,90450800.0,0
2020-07-13,12.13,12.27,11.45,11.63,67580300.0,0
2020-07-14,11.32,11.84,11.22,11.57,49888200.0,0
2020-07-15,12.45,13.48,12.21,13.44,135444400.0,0
2020-07-16,12.8,13.07,12.29,12.45,81514000.0,0
2020-07-17,12.48,12.6,11.89,11.91,67934100.0,0
2020-07-20,11.93,12.51,11.35,11.47,64109600.0,0
2020-07-21,11.57,11.79,11.28,11.47,64722000.0,0
2020-07-22,11.38,11.67,11.3,11.36,42461300.0,0
2020-07-23,11.27,12.41,11.01,11.77,115574800.0,0
2020-07-24,11.67,11.82,11.34,11.39,53761400.0,0
2020-07-27,11.48,11.79,11.18,11.39,69451700.0,0
2020-07-28,11.37,12.0,11.36,11.77,62356600.0,0
2020-07-29,11.8,11.92,11.3,11.4,52214600.0,0
2020-07-30,11.22,11.39,11.12,11.18,40525100.0,0
2020-07-31,11.16,11.25,10.8,11.12,51835500.0,0
2020-08-03,11.07,11.24,10.71,11.08,48264000.0,0
2020-08-04,11.21,11.88,11.16,11.47,54824400.0,0
2020-08-05,11.84,12.85,11.55,12.56,118704400.0,0
2020-08-06,13.04,13.29,12.47,13.04,131280100.0,0
2020-08-07,12.86,13.16,12.58,13.03,61401200.0,0
2020-08-10,13.29,14.31,13.21,14.0,121073900.0,0
2020-08-11,15.02,15.1,13.55,13.73,127879300.0,0
2020-08-12,14.03,14.06,13.1,13.54,77639200.0,0
2020-08-13,13.19,13.9,13.11,13.3,47772800.0,0
2020-08-14,13.11,13.56,13.01,13.33,45670200.0,0
2020-08-17,13.32,13.38,12.61,12.62,56206600.0,0
2020-08-18,12.6,12.88,12.51,12.6,33322300.0,0
2020-08-19,12.65,13.44,12.58,12.68,59266500.0,0
2020-08-20,12.38,12.67,12.26,12.5,41956600.0,0
2020-08-21,12.44,12.63,12.09,12.16,35822900.0,0
2020-08-24,12.44,13.48,12.27,13.44,102685700.0,0
2020-08-25,13.69,14.02,12.77,13.14,79053400.0,0
2020-08-26,13.11,13.15,12.7,12.79,44056800.0,0
2020-08-27,13.43,14.26,13.12,13.28,108835700.0,0
2020-08-28,13.59,13.63,13.23,13.59,54516400.0,0
2020-08-31,13.6,13.74,13.05,13.05,45917200.0,0
2020-09-01,12.86,13.84,12.66,13.1,72987500.0,0
2020-09-02,12.94,13.34,12.67,13.23,58889600.0,0
2020-09-03,13.4,14.07,13.03,13.36,86390800.0,0
2020-09-04,13.65,13.82,12.96,13.61,64937000.0,0
2020-09-08,13.36,14.16,13.15,13.63,72746000.0,0
2020-09-09,13.48,13.58,12.8,13.05,79030200.0,0
2020-09-10,13.21,13.49,12.97,13.01,52318600.0,0
2020-09-11,13.08,13.08,12.68,12.95,43916700.0,0
2020-09-14,13.02,13.29,12.9,13.26,39859100.0,0
2020-09-15,13.27,13.66,13.08,13.14,38958800.0,0
2020-09-16,13.21,13.96,12.98,13.8,75200100.0,0
2020-09-17,13.5,14.08,13.36,13.63,50194400.0,0
2020-09-18,13.51,13.59,13.03,13.19,56403600.0,0
2020-09-21,12.82,12.98,12.08,12.21,60604500.0,0
2020-09-22,12.3,12.5,12.18,12.34,33013400.0,0
2020-09-23,12.53,12.74,11.91,11.93,45292600.0,0
2020-09-24,11.74,12.0,11.22,11.77,49163200.0,0
2020-09-25,11.76,12.31,11.71,12.29,43764000.0,0
2020-09-28,12.74,13.15,12.49,12.76,63558200.0,0
2020-09-29,12.59,12.66,12.11,12.25,46994300.0,0
2020-09-30,12.32,12.92,12.22,12.29,65055100.0,0
2020-10-01,12.45,12.77,12.35,12.58,48842000.0,0
2020-10-02,12.05,13.35,12.0,13.0,111883300.0,0
2020-10-05,13.09,13.2,12.75,13.12,53465500.0,0
2020-10-06,13.28,13.44,12.46,12.53,85252400.0,0
2020-10-07,12.98,13.18,12.81,13.07,61274200.0,0
2020-10-08,13.33,13.68,12.73,13.16,88851700.0,0
2020-10-09,13.25,13.49,12.95,13.2,65281000.0,0
2020-10-12,13.14,13.17,12.9,12.92,39852500.0,0
2020-10-13,12.59,12.64,12.2,12.22,63372200.0,0
2020-10-14,12.35,12.57,12.29,12.36,37647700.0,0
2020-10-15,12.22,12.3,11.97,12.23,33776100.0,0
2020-10-16,12.31,12.56,12.2,12.46,32717300.0,0
2020-10-19,12.64,12.87,12.45,12.56,50560700.0,0
2020-10-20,12.75,13.0,12.59,12.8,46748800.0,0
2020-10-21,12.69,12.87,12.55,12.75,37503600.0,0
2020-10-22,12.6,13.29,12.42,13.15,90788900.0,0
2020-10-23,13.07,13.08,12.42,12.6,90787900.0,0
2020-10-26,12.39,12.45,11.67,11.8,85349600.0,0
2020-10-27,11.77,11.79,11.2,11.23,65803400.0,0
2020-10-28,10.89,11.16,10.63,10.95,63992800.0,0
2020-10-29,10.96,11.29,10.89,11.16,44070600.0,0
2020-10-30,11.06,11.42,10.98,11.28,51284700.0,0
