Date,Open,High,Low,Close,Volume,OpenInt
2014-03-27,568,568,552.92,558.46,13052,0
2014-03-28,561.2,566.43,558.67,559.99,41003,0
2014-03-31,566.89,567,556.93,556.97,10772,0
2014-04-01,558.71,568.45,558.71,567.16,7932,0
2014-04-02,599.99,604.83,562.19,567,146697,0
2014-04-03,569.85,587.28,564.13,569.74,5087500,0
2014-04-04,574.65,577.77,543,543.14,6377600,0
2014-04-07,540.74,548.48,527.15,538.15,4368717,0
2014-04-08,543.07,555,541.61,554.9,3148563,0
2014-04-09,559.77,565.37,552.95,564.14,3323579,0
2014-04-10,564.99,565,539.9,540.95,4027113,0
2014-04-11,532.5,540,526.53,530.6,3915647,0
2014-04-14,537.74,544.1,529.56,532.52,2565391,0
2014-04-15,536.82,538.45,518.46,536.44,3846267,0
2014-04-16,543,557,540,556.54,4869745,0
2014-04-17,548.81,549.5,531.15,536.1,6792593,0
2014-04-21,536.1,536.7,525.6,528.62,2559924,0
2014-04-22,528.64,537.23,527.51,534.81,2358993,0
2014-04-23,533.79,533.87,526.25,526.94,2049887,0
2014-04-24,529.97,531.65,522.12,525.16,1879376,0
2014-04-25,522.51,524.7,515.42,516.18,2096997,0
2014-04-28,517.55,518.6,502.8,517.15,3325565,0
2014-04-29,516.91,529.46,516.32,527.7,2691849,0
2014-04-30,527.6,528,522.52,526.66,1746405,0
2014-05-01,527.15,532.93,523.88,531.35,1900411,0
2014-05-02,533.76,534,525.61,527.93,1684811,0
2014-05-05,524.73,528.9,521.32,527.81,1021301,0
2014-05-06,525.23,526.81,515.06,515.14,1647435,0
2014-05-07,515.79,516.68,503.3,509.96,3215781,0
2014-05-08,508.41,517.23,506.45,511,2015769,0
2014-05-09,510.75,519.9,504.2,518.73,2432671,0
2014-05-12,523.51,530.19,519.01,529.92,1907512,0
2014-05-13,530.89,536.07,529.51,533.09,1648167,0
2014-05-14,533,533,525.29,526.65,1191754,0
2014-05-15,525.7,525.87,517.42,519.98,1702167,0
2014-05-16,521.39,521.8,515.44,520.63,1481243,0
2014-05-19,519.7,529.78,517.58,528.86,1276212,0
2014-05-20,529.74,536.23,526.3,529.77,1779878,0
2014-05-21,532.9,539.18,531.91,538.94,1193037,0
2014-05-22,541.13,547.6,540.78,545.06,1611408,0
2014-05-23,547.26,553.64,543.7,552.7,1929328,0
2014-05-27,556,566,554.35,565.95,2099837,0
2014-05-28,564.57,567.84,561,561.68,1647630,0
2014-05-29,563.47,564,558.71,560.08,1350576,0
2014-05-30,560.8,561.35,555.91,559.89,1766212,0
2014-06-02,560.7,560.9,545.73,553.93,1434964,0
2014-06-03,550.65,552.34,542.55,544.94,1861757,0
2014-06-04,541.5,548.61,538.75,544.66,1811683,0
2014-06-05,545.62,554.95,544.45,553.9,1684584,0
2014-06-06,558.06,558.06,548.93,556.33,1732230,0
2014-06-09,556.99,562.9,556.04,562.12,1525766,0
2014-06-10,560.51,563.6,557.9,560.55,1349400,0
2014-06-11,558,559.88,555.02,558.84,1097160,0
2014-06-12,557.63,557.99,548.46,551.35,1456195,0
2014-06-13,552.25,552.3,545.56,551.76,1217151,0
2014-06-16,549.26,549.62,541.52,544.28,1703947,0
2014-06-17,544.2,545.32,539.33,543.01,1445815,0
2014-06-18,544.86,553.56,544,553.37,1737113,0
2014-06-19,554.24,555,548.51,554.9,2451308,0
2014-06-20,556.89,557.58,550.39,556.36,4496612,0
2014-06-23,555,565,554.25,564.95,1534262,0
2014-06-24,565.19,572.65,561.01,564.62,2201744,0
2014-06-25,565.26,579.96,565.22,578.65,1964197,0
2014-06-26,581,582.45,571.85,576,1736760,0
2014-06-27,577.18,579.87,573.8,577.24,2231027,0
2014-06-30,578.66,579.57,574.75,575.28,1310883,0
2014-07-01,578.32,584.4,576.65,582.67,1446244,0
2014-07-02,583.35,585.44,580.39,582.34,1054900,0
2014-07-03,583.35,585.01,580.92,584.73,712210,0
2014-07-07,583.76,586.43,579.59,582.25,1061733,0
2014-07-08,577.66,579.53,566.14,571.09,1908582,0
2014-07-09,571.58,576.72,569.38,576.08,1113907,0
2014-07-10,565.91,576.59,565.01,571.1,1353108,0
2014-07-11,571.91,580.85,571.42,579.18,1617369,0
2014-07-14,582.6,585.21,578.03,584.87,1851650,0
2014-07-15,585.74,585.8,576.56,584.78,1618617,0
2014-07-16,588,588.4,582.2,582.66,1394327,0
2014-07-17,579.53,580.99,568.61,573.73,3011977,0
2014-07-18,593,596.8,582,595.08,4005766,0
2014-07-21,591.75,594.4,585.23,589.47,2058451,0
2014-07-22,590.72,599.65,590.6,594.74,1694527,0
2014-07-23,593.23,597.85,592.5,595.98,1229831,0
2014-07-24,596.45,599.5,591.77,593.35,1033269,0
2014-07-25,590.4,591.86,587.03,589.02,931892,0
2014-07-28,588.07,592.5,584.75,590.6,984121,0
2014-07-29,588.75,589.7,583.52,585.61,1346492,0
2014-07-30,586.55,589.5,584,587.42,1013742,0
2014-07-31,580.6,583.65,570,571.6,2099265,0
2014-08-01,570.4,575.96,562.85,566.07,1949981,0
2014-08-04,569.04,575.35,564.1,573.15,1427169,0
2014-08-05,571.03,571.98,562.61,565.07,1556183,0
2014-08-06,561.78,570.7,560,566.37,1330782,0
2014-08-07,568,569.89,561.1,563.36,1108264,0
2014-08-08,564,570.25,560.35,568.77,1492470,0
2014-08-11,569.99,570.49,566,567.88,1215761,0
2014-08-12,564.52,565.9,560.88,562.73,1537758,0
2014-08-13,567.3,575,565.75,574.78,1437834,0
2014-08-14,576.18,577.9,570.88,574.65,982926,0
2014-08-15,577.86,579.38,570.52,573.48,1517056,0
2014-08-18,576.11,584.51,576,582.16,1282182,0
2014-08-19,585,587.34,584,586.86,979275,0
2014-08-20,585.88,586.7,582.57,584.49,1033908,0
2014-08-21,583.74,584.5,581.14,583.37,912779,0
2014-08-22,583.59,585.24,580.64,582.56,788942,0
2014-08-25,584.72,585,579,580.2,1358570,0
2014-08-26,581.26,581.8,576.58,577.86,1635360,0
2014-08-27,577.27,578.49,570.1,571,1699812,0
2014-08-28,569.56,573.25,567.1,569.2,1295833,0
2014-08-29,571.37,572.04,567.07,571.6,1080847,0
2014-09-02,571.85,577.83,571.19,577.33,1576565,0
2014-09-03,580.22,582.99,575,577.94,1214564,0
2014-09-04,580,586,579.22,581.98,1459841,0
2014-09-05,583.98,586.55,581.95,586.08,1629456,0
2014-09-08,586.6,591.77,586.3,589.72,1429096,0
2014-09-09,588.9,589,580,581.01,1286716,0
2014-09-10,581.5,583.5,576.94,583.1,974789,0
2014-09-11,580.36,581.81,576.26,581.35,1217650,0
2014-09-12,580.95,581.64,574.46,575.62,1597626,0
2014-09-15,572.94,574.95,568.21,573.1,1596194,0
2014-09-16,572.76,581.5,572.66,579.95,1477504,0
2014-09-17,580.01,587.52,578.78,584.77,1690551,0
2014-09-18,587.3,589.54,585,589.27,1441508,0
2014-09-19,591.5,596.48,589.5,596.08,3726476,0
2014-09-22,593.82,593.95,583.46,587.37,1685121,0
2014-09-23,586.85,586.85,581,581.13,1467395,0
2014-09-24,581.46,589.63,580.52,587.99,1724537,0
2014-09-25,587.56,587.98,574.18,575.06,1924964,0
2014-09-26,576.06,579.25,574.66,577.1,1439807,0
2014-09-29,571.8,578.19,571.17,576.36,1281201,0
2014-09-30,576.93,579.85,572.85,577.36,1618437,0
2014-10-01,576.01,577.58,567.01,568.27,1444196,0
2014-10-02,567.31,571.91,563.32,570.08,1175267,0
2014-10-03,573.05,577.22,572.5,575.28,1138634,0
2014-10-06,579,581,574.44,577.35,1211320,0
2014-10-07,574.4,575.27,563.74,563.74,1906108,0
2014-10-08,565.57,573.88,557.49,572.5,1987688,0
2014-10-09,571.17,571.49,559.06,560.88,2519159,0
2014-10-10,558.34,565.13,544.05,544.49,3077521,0
2014-10-13,544.99,549.5,533.1,533.21,2576138,0
2014-10-14,538.9,547.19,533.17,537.94,2217210,0
2014-10-15,530.45,532.8,518.3,530.03,3709966,0
2014-10-16,519,529.43,515,524.51,3687669,0
2014-10-17,527.25,530.98,508.53,511.17,5530303,0
2014-10-20,509.45,521.76,508.1,520.84,2604933,0
2014-10-21,525,526.79,519.11,526.54,2331955,0
2014-10-22,529.89,539.8,528.8,532.71,2916572,0
2014-10-23,539.32,547.22,535.85,543.98,2345112,0
2014-10-24,544.36,544.88,535.79,539.78,1972043,0
2014-10-27,537.03,544.41,537.03,540.77,1184973,0
2014-10-28,543,548.98,541.62,548.9,1273272,0
2014-10-29,550,554.19,546.98,549.33,1767007,0
2014-10-30,548.95,552.8,543.51,550.31,1451667,0
2014-10-31,559.35,559.57,554.75,559.08,2032887,0
2014-11-03,555.5,557.9,553.23,555.22,1378504,0
2014-11-04,552.72,555.5,549.3,554.11,1240251,0
2014-11-05,556.8,556.8,544.05,545.92,2026692,0
2014-11-06,545.73,546.89,540.97,542.04,1328463,0
2014-11-07,546.21,546.21,538.67,541.01,1629159,0
2014-11-10,541.46,549.59,541.02,547.49,1131533,0
2014-11-11,548.49,551.94,546.3,550.29,964716,0
2014-11-12,550.38,550.46,545.17,547.31,1126301,0
2014-11-13,549.63,549.8,543.48,545.38,1335697,0
2014-11-14,546.68,546.68,542.15,544.4,1285841,0
2014-11-17,543.58,543.79,534.06,536.51,1721145,0
2014-11-18,537.5,541.94,534.17,535.03,1957367,0
2014-11-19,535,538.24,530.08,536.99,1388234,0
2014-11-20,531.25,535.11,531.08,534.83,1558476,0
2014-11-21,541.61,542.14,536.56,537.5,2218137,0
2014-11-24,537.65,542.7,535.62,539.27,1701562,0
2014-11-25,539,543.98,538.6,541.08,1784967,0
2014-11-26,541.47,541.55,537.04,540.37,1519474,0
2014-11-28,540.15,542,536.6,541.83,1145231,0
2014-12-01,538.9,541.41,531.86,533.8,2109498,0
2014-12-02,533.95,535.5,529.8,533.75,1522426,0
2014-12-03,531.44,536,529.26,531.32,1279137,0
2014-12-04,531.16,537.34,528.59,537.31,1392208,0
2014-12-05,531,532.89,524.28,525.26,2557697,0
2014-12-08,527.13,531,523.79,526.98,2326833,0
2014-12-09,522.65,534.19,520.5,533.37,1871268,0
2014-12-10,532.96,536.33,525.56,526.06,1716785,0
2014-12-11,527.8,533.92,527.1,528.34,1610954,0
2014-12-12,523.51,528.5,518.66,518.66,1988118,0
2014-12-15,522.74,523.1,513.27,513.8,2812509,0
2014-12-16,511.56,513.05,489,495.39,3947212,0
2014-12-17,497,507,496.81,504.89,2874963,0
2014-12-18,512.35,513.87,504.7,511.1,2918096,0
2014-12-19,511.51,517.72,506.91,516.35,3679797,0
2014-12-22,516.68,526.46,516.08,524.87,2723599,0
2014-12-23,527,534.56,526.29,530.59,2191455,0
2014-12-24,530.51,531.76,527.02,528.77,704035,0
2014-12-26,528.77,534.25,527.31,534.03,1037687,0
2014-12-29,532.19,535.48,530.01,530.33,2276094,0
2014-12-30,528.17,531.15,527.13,530.42,873863,0
2014-12-31,531.25,532.6,525.8,526.4,1370404,0
2015-01-02,529.01,531.27,524.1,524.81,1446432,0
2015-01-05,523.26,524.33,513.06,513.87,2052886,0
2015-01-06,515,516.17,501.05,501.96,2891303,0
2015-01-07,507,507.24,499.65,501.1,2059169,0
2015-01-08,497.99,503.48,491,502.68,3344104,0
2015-01-09,504.76,504.92,494.79,496.17,2065665,0
2015-01-12,494.94,495.98,487.56,492.55,2320364,0
2015-01-13,497.75,502.98,492.39,496.18,2365648,0
2015-01-14,494.65,503.23,493,500.87,2229598,0
2015-01-15,504,505.68,497.76,501.79,2710991,0
2015-01-16,500.01,508.19,500,508.08,2291740,0
2015-01-20,511,512.5,506.02,506.9,3480577,0
2015-01-21,507.25,519.28,506.2,518.04,3673165,0
2015-01-22,521.49,536.33,519.7,534.39,4591098,0
2015-01-23,535.59,542.17,533,539.95,3974914,0
2015-01-26,538.17,539,529.67,535.21,1538819,0
2015-01-27,529.97,530.7,518.19,518.63,1898200,0
2015-01-28,522.78,522.99,510,510,1659379,0
2015-01-29,511,511.09,501.2,510.66,4169949,0
2015-01-30,515.86,539.87,515.52,534.52,5590800,0
2015-02-02,531.46,533,518.55,528.48,2841867,0
2015-02-03,528,533.4,523.26,529.24,2033080,0
2015-02-04,529.24,532.67,521.27,522.76,1658697,0
2015-02-05,523.79,528.5,522.09,527.58,1844552,0
2015-02-06,528.13,537.2,526.41,531,1758502,0
2015-02-09,528,532,526.02,527.83,1263805,0
2015-02-10,529.3,537.7,526.92,536.94,1744835,0
2015-02-11,535.3,538.45,533.38,535.97,1373770,0
2015-02-12,537.11,544.82,534.67,542.93,1615822,0
2015-02-13,543.35,549.91,543.13,549.01,1878974,0
2015-02-17,546.83,550,541.09,542.84,1612238,0
2015-02-18,541.4,545.49,537.51,539.7,1448741,0
2015-02-19,538.04,543.11,538.01,542.87,987464,0
2015-02-20,543.13,543.75,535.8,538.95,1441212,0
2015-02-23,536.3,536.44,529.41,531.91,1453637,0
2015-02-24,529.7,536.79,528.25,536.09,1002393,0
2015-02-25,535.9,546.22,535.45,543.87,1821016,0
2015-02-26,543,556.14,541.5,555.48,2305009,0
2015-02-27,554.24,564.71,552.9,558.4,2403553,0
2015-03-02,560.53,572.15,558.75,571.34,2123700,0
2015-03-03,570.45,575.39,566.52,573.64,1700000,0
2015-03-04,571.87,577.11,568.01,573.37,1871600,0
2015-03-05,575.26,577.91,573.41,575.33,1385800,0
2015-03-06,574.96,576.68,566.76,567.68,1654500,0
2015-03-09,566.86,570.27,563.53,568.85,1059300,0
2015-03-10,563.71,564.85,554.73,555.01,1787300,0
2015-03-11,555.14,558.14,550.68,551.18,1815700,0
2015-03-12,553.63,556.37,545.36,545.38,1386450,0
2015-03-13,553.5,558.4,544.22,547.32,1698800,0
2015-03-16,550,556.85,546,554.51,1636400,0
2015-03-17,551.71,553.8,548,550.84,1800500,0
2015-03-18,552.5,559.78,547,559.5,2128700,0
2015-03-19,558.11,560.8,556.15,557.99,1194000,0
2015-03-20,561.65,561.72,559.05,560.36,2609600,0
2015-03-23,560.43,562.36,555.83,558.81,1639300,0
2015-03-24,562.56,574.59,561.21,570.19,2576200,0
2015-03-25,570.5,572.26,558.74,558.78,2146300,0
2015-03-26,557.59,558.9,550.65,555.17,1568300,0
2015-03-27,552.91,555.28,548.13,548.34,1892300,0
2015-03-30,551.62,553.47,548.17,552.03,1283900,0
2015-03-31,550,554.71,546.72,548,1583600,0
2015-04-01,548.6,551.14,539.5,542.56,1957700,0
2015-04-02,540.85,540.85,533.85,535.53,1711700,0
2015-04-06,532.22,538.41,529.57,536.77,1320700,0
2015-04-07,538.08,542.69,536,537.02,1299295,0
2015-04-08,538.74,543.85,538.38,541.61,1175300,0
2015-04-09,541.03,541.95,535.49,540.78,1551968,0
2015-04-10,542.29,542.29,537.31,540.01,1405500,0
2015-04-13,538.41,544.06,537.31,539.17,1640800,0
2015-04-14,536.06,537.57,528.09,530.39,2597000,0
2015-04-15,528.7,534.73,523.22,532.53,2305980,0
2015-04-16,529.9,535.59,529.61,533.8,1296304,0
2015-04-17,527.27,529.84,521.01,524.05,2145900,0
2015-04-20,525.6,536.09,524.5,535.38,1675487,0
2015-04-21,537.51,539.39,533.67,533.97,1839618,0
2015-04-22,534.4,541.08,531.75,539.36,1588911,0
2015-04-23,541.1,550.96,540.23,547,4173300,0
2015-04-24,566.1,571.14,557.25,565.06,4919000,0
2015-04-27,563.12,565.95,553.2,555.37,2398000,0
2015-04-28,553.85,556.02,550.37,553.68,1490900,0
2015-04-29,550.02,553.68,546.91,549.08,1698700,0
2015-04-30,547.87,548.59,535.05,537.34,2082200,0
2015-05-01,538.43,539.54,532.1,537.9,1768100,0
2015-05-04,538.53,544.07,535.06,540.78,1307900,0
2015-05-05,538.21,539.74,530.39,530.8,1383000,0
2015-05-06,531.24,532.38,521.09,524.22,1566967,0
2015-05-07,523.99,533.46,521.75,530.7,1546248,0
2015-05-08,536.61,541.15,536,538.22,1527600,0
2015-05-11,538.37,541.98,535.4,535.7,905200,0
2015-05-12,531.47,533.21,525.26,529.04,1634174,0
2015-05-13,530.56,534.32,528.66,529.62,1253000,0
2015-05-14,533.76,539,532.41,538.4,1403900,0
2015-05-15,539.18,539.27,530.38,533.85,1970842,0
2015-05-18,532.05,534.82,528.85,532.3,2003130,0
2015-05-19,533.55,540.66,533.04,537.36,1966900,0
2015-05-20,538.49,542.92,532.97,539.27,1430800,0
2015-05-21,538.68,543.84,535.98,542.51,1462600,0
2015-05-22,540.15,544.19,539.51,540.11,1176200,0
2015-05-26,538.12,539,529.88,532.32,2406480,0
2015-05-27,532.8,540.55,531.71,539.79,1525000,0
2015-05-28,538.01,540.61,536.25,539.78,1029849,0
2015-05-29,537.04,538.63,531.45,532.11,2597400,0
2015-06-01,535.6,536.79,529.76,533.99,1904300,0
2015-06-02,532.21,543,531.33,539.18,1938989,0
2015-06-03,539.91,543.5,537.11,540.31,1717000,0
2015-06-04,537.76,540.59,534.32,536.7,1348300,0
2015-06-05,536.35,537.2,532.52,533.33,1388200,0
2015-06-08,533.31,534.12,526.24,526.83,1524100,0
2015-06-09,527.56,529.2,523.01,526.69,1455266,0
2015-06-10,529.4,538.36,529.35,536.69,1814938,0
2015-06-11,538.42,538.98,533.02,534.61,1217536,0
2015-06-12,531.63,533.12,530.16,532.33,955400,0
2015-06-15,528,528.3,524,527.2,1632700,0
2015-06-16,528.4,529.64,525.56,528.15,1071800,0
2015-06-17,529.37,530.98,525.1,529.26,1294200,0
2015-06-18,531,538.15,530.79,536.73,1833100,0
2015-06-19,537.21,538.25,533.01,536.69,1893400,0
2015-06-22,539.59,543.74,537.53,538.19,1250200,0
2015-06-23,539.64,541.5,535.25,540.48,1197450,0
2015-06-24,540,540,535.66,537.84,1286600,0
2015-06-25,539.66,540.9,535.23,535.23,1335600,0
2015-06-26,537.26,537.76,531.35,531.69,2109100,0
2015-06-29,525.41,528.61,520.54,521.52,1937800,0
2015-06-30,526.2,526.25,520.5,520.51,2235595,0
2015-07-01,524.73,525.69,518.23,521.84,1961300,0
2015-07-02,521.08,524.65,521.08,523.4,1235900,0
2015-07-06,519.5,525.25,519,522.86,1280500,0
2015-07-07,523.13,526.18,515.18,525.02,1597200,0
2015-07-08,521.05,522.73,516.11,516.83,1296600,0
2015-07-09,523.12,523.77,520.35,520.68,1842300,0
2015-07-10,526.29,532.56,525.55,530.13,1956600,0
2015-07-13,532.88,547.11,532.4,546.55,2206400,0
2015-07-14,546.76,565.85,546.71,561.1,3244066,0
2015-07-15,560.13,566.5,556.79,560.22,1784234,0
2015-07-16,565.12,580.68,565,579.85,4768300,0
2015-07-17,649,674.47,645,672.93,11164900,0
2015-07-20,659.24,668.88,653.01,663.02,5860800,0
2015-07-21,655.21,673,654.3,662.3,3377100,0
2015-07-22,660.89,678.64,659,662.1,3929300,0
2015-07-23,661.27,663.63,641,644.28,3029100,0
2015-07-24,647,648.17,622.52,623.56,3625700,0
2015-07-27,621,634.3,620.5,627.26,2675300,0
2015-07-28,632.83,632.83,623.31,628,1727300,0
2015-07-29,628.8,633.36,622.65,631.93,1575000,0
2015-07-30,630,635.22,622.05,632.59,1474200,0
2015-07-31,631.38,632.91,625.5,625.61,1706100,0
2015-08-03,625.34,633.06,625.34,631.21,1304511,0
2015-08-04,628.42,634.81,627.16,629.25,1490800,0
2015-08-05,634.33,647.86,633.16,643.78,2334200,0
2015-08-06,645,645.38,632.25,642.68,1572235,0
2015-08-07,640.23,642.68,629.71,635.3,1403800,0
2015-08-10,639.48,643.44,631.25,633.73,1809200,0
2015-08-11,669.2,674.9,654.27,660.78,5027531,0
2015-08-12,663.08,665,652.29,659.56,2940800,0
2015-08-13,659.32,664.5,651.66,656.45,1810700,0
2015-08-14,655.01,659.85,652.66,657.12,1072000,0
2015-08-17,656.8,661.38,651.24,660.87,1051600,0
2015-08-18,661.9,664,653.46,656.13,1456000,0
2015-08-19,656.6,667,654.19,660.9,2134000,0
2015-08-20,655.46,662.99,642.9,646.83,2855200,0
2015-08-21,639.78,640.05,612.33,612.48,4265100,0
2015-08-24,573,614,565.05,589.61,5770302,0
2015-08-25,614.91,617.45,581.11,582.06,3537900,0
2015-08-26,610.35,631.71,599.05,628.62,4235800,0
2015-08-27,639.4,643.59,622,637.61,3491300,0
2015-08-28,632.82,636.88,624.56,630.38,1978700,0
2015-08-31,627.54,635.8,617.68,618.25,2176700,0
2015-09-01,602.36,612.86,594.1,597.79,3702100,0
2015-09-02,605.59,614.34,599.71,614.34,2575600,0
2015-09-03,617,619.71,602.82,606.25,1759500,0
2015-09-04,600,603.47,595.25,600.7,2089400,0
2015-09-08,612.49,616.31,604.12,614.66,2279500,0
2015-09-09,621.22,626.52,609.6,612.72,1702000,0
2015-09-10,613.1,624.16,611.43,621.35,1905176,0
2015-09-11,619.75,625.78,617.42,625.77,1373500,0
2015-09-14,625.7,625.86,619.43,623.24,1702200,0
2015-09-15,626.7,638.7,623.78,635.14,2084300,0
2015-09-16,635.47,637.95,632.32,635.98,1286400,0
2015-09-17,637.79,650.9,635.02,642.9,2274600,0
2015-09-18,636.79,640,627.02,629.25,5133300,0
2015-09-21,634.4,636.49,625.94,635.44,1788500,0
2015-09-22,627,627.55,615.43,622.69,2562800,0
2015-09-23,622.05,628.93,620,622.36,1470900,0
2015-09-24,616.64,627.32,612.4,625.8,2240069,0
2015-09-25,629.77,629.77,611,611.97,2174000,0
2015-09-28,610.34,614.61,589.38,594.89,3127667,0
2015-09-29,597.28,605,590.22,594.97,2310200,0
2015-09-30,603.28,608.76,600.73,608.42,2413400,0
2015-10-01,608.37,612.09,599.85,611.29,1867600,0
2015-10-02,607.2,627.34,603.13,626.91,2684800,0
2015-10-05,632,643.01,627,641.47,1803385,0
2015-10-06,638.84,649.25,636.53,645.44,2236800,0
2015-10-07,649.24,650.61,632.15,642.36,2092700,0
2015-10-08,641.36,644.45,625.56,639.16,2182000,0
2015-10-09,640,645.99,635.32,643.61,1648600,0
2015-10-12,642.09,648.5,639.01,646.67,1276079,0
2015-10-13,643.15,657.81,643.15,652.3,1807600,0
2015-10-14,653.21,659.39,648.85,651.16,1415400,0
2015-10-15,654.66,663.13,654.46,661.74,1885700,0
2015-10-16,664.11,664.97,657.2,662.2,1611100,0
2015-10-19,661.18,666.82,659.58,666.1,1477300,0
2015-10-20,664.04,664.72,644.2,650.28,1688225,0
2015-10-21,654.15,655.87,641.73,642.61,1794100,0
2015-10-22,646.7,657.8,644.01,651.79,4070900,0
2015-10-23,727.5,730,701.5,702,6653900,0
2015-10-26,701.55,719.15,701.26,712.78,2716600,0
2015-10-27,707.38,713.62,704.55,708.49,2245700,0
2015-10-28,707.33,712.98,703.08,712.95,2178900,0
2015-10-29,710.5,718.26,710.01,716.92,1455900,0
2015-10-30,715.73,718,710.05,710.81,1908700,0
2015-11-02,711.06,721.62,705.85,721.11,1886250,0
2015-11-03,718.86,724.65,714.72,722.16,1565300,0
2015-11-04,722,733.1,721.9,728.11,1706371,0
2015-11-05,729.47,739.48,729.47,731.25,1861500,0
2015-11-06,731.5,735.41,727.01,733.76,1511500,0
2015-11-09,730.2,734.71,719.43,724.89,2069807,0
2015-11-10,724.4,730.59,718.5,728.32,1607900,0
2015-11-11,732.46,741,730.23,735.4,1366900,0
2015-11-12,731,737.8,728.65,731.23,1837100,0
2015-11-13,729.17,731.15,716.73,717,2075500,0
2015-11-16,715.6,729.49,711.33,728.96,1905800,0
2015-11-17,729.29,731.84,723.03,725.3,1510900,0
2015-11-18,727.58,741.41,727,740,1684200,0
2015-11-19,738.74,742,737.43,738.41,1327800,0
2015-11-20,746.53,757.92,743,756.6,2213200,0
2015-11-23,757.45,762.71,751.82,755.98,1415300,0
2015-11-24,752,755.28,737.63,748.28,2334100,0
2015-11-25,748.14,752,746.06,748.15,1122200,0
2015-11-27,748.46,753.41,747.49,750.26,838500,0
2015-11-30,748.81,754.93,741.27,742.6,2097600,0
2015-12-01,747.11,768.95,746.7,767.04,2134621,0
2015-12-02,768.9,775.96,758.96,762.38,2230200,0
2015-12-03,766.01,768.99,745.63,752.54,2590601,0
2015-12-04,753.1,768.49,750,766.81,2757200,0
2015-12-07,767.77,768.73,755.09,763.25,1812300,0
2015-12-08,757.89,764.8,754.2,762.37,1829475,0
2015-12-09,759.17,764.23,737,751.61,2699900,0
2015-12-10,752.85,755.85,743.83,749.46,1988300,0
2015-12-11,741.16,745.71,736.75,738.87,2224400,0
2015-12-14,741.79,748.73,724.17,747.77,2418912,0
2015-12-15,753,758.08,743.01,743.4,2666200,0
2015-12-16,750,760.59,739.43,758.09,1993200,0
2015-12-17,762.42,762.68,749,749.43,1553400,0
2015-12-18,746.51,754.13,738.15,739.31,3148700,0
2015-12-21,746.13,750,740,747.77,1525700,0
2015-12-22,751.65,754.85,745.53,750,1365420,0
2015-12-23,753.47,754.21,744,750.31,1566700,0
2015-12-24,749.55,751.35,746.62,748.4,527223,0
2015-12-28,752.92,762.99,749.52,762.51,1515716,0
2015-12-29,766.69,779.98,766.43,776.6,1765012,0
2015-12-30,776.6,777.6,766.9,771,868174,0
2015-12-31,769.5,769.5,758.34,758.88,1070048,0
2016-01-04,743,744.06,731.258,741.84,2258966,0
2016-01-05,746.45,752,738.64,742.58,1359685,0
2016-01-06,730,747.18,728.92,743.62,1775394,0
2016-01-07,730.31,738.5,719.06,726.39,2509556,0
2016-01-08,731.45,733.23,713,714.47,2338972,0
2016-01-11,716.61,718.855,703.54,716.03,2090621,0
2016-01-12,721.68,728.75,717.317,726.07,1781584,0
2016-01-13,730.85,734.74,698.61,700.56,1713897,0
2016-01-14,705.38,721.925,689.1,714.72,1923982,0
2016-01-15,692.29,706.74,685.37,694.45,2645079,0
2016-01-19,703.3,709.98,693.41,701.79,2268000,0
2016-01-20,688.61,706.85,673.26,698.45,3192247,0
2016-01-21,702.18,719.19,694.46,706.59,2308528,0
2016-01-22,723.6,728.13,720.121,725.25,1841101,0
2016-01-25,723.58,729.68,710.01,711.67,1588956,0
2016-01-26,713.85,718.28,706.48,713.04,1251534,0
2016-01-27,713.67,718.235,694.39,699.99,1181790,0
2016-01-28,722.22,733.69,712.35,730.96,2370760,0
2016-01-29,731.53,744.99,726.8,742.95,2490656,0
2016-02-01,750.46,757.86,743.27,752,3015303,0
2016-02-02,784.5,789.87,764.65,764.65,5009772,0
2016-02-03,770.22,774.5,720.5,726.95,5753416,0
2016-02-04,722.81,727,701.86,708.01,4812793,0
2016-02-05,703.87,703.99,680.15,683.57,3863948,0
2016-02-08,667.85,684.03,663.06,682.74,3117992,0
2016-02-09,672.32,699.9,668.77,678.11,2663219,0
2016-02-10,686.86,701.31,682.13,684.12,2030829,0
2016-02-11,675,689.35,668.868,683.11,2154962,0
2016-02-12,690.26,693.75,678.6,682.4,1983019,0
2016-02-16,692.98,698,685.05,691,2136824,0
2016-02-17,699,709.75,691.38,708.4,1835411,0
2016-02-18,710,712.35,696.03,697.35,1287855,0
2016-02-19,695.03,703.081,694.05,700.91,1134665,0
2016-02-22,707.45,713.24,702.51,706.46,1410613,0
2016-02-23,701.45,708.4,693.58,695.85,1405180,0
2016-02-24,688.92,700,680.78,699.56,1318221,0
2016-02-25,700.01,705.98,690.585,705.75,1133274,0
2016-02-26,708.58,713.43,700.86,705.07,2060942,0
2016-02-29,700.32,710.89,697.68,697.77,1467267,0
2016-03-01,703.62,718.81,699.77,718.81,1453825,0
2016-03-02,719,720,712,718.85,1082731,0
2016-03-03,718.68,719.45,706.02,712.42,1895828,0
2016-03-04,714.99,716.49,706.02,710.89,1306306,0
2016-03-07,706.9,708.091,686.9,695.16,2734897,0
2016-03-08,688.59,703.79,685.34,693.97,1378967,0
2016-03-09,698.47,705.68,694,705.24,1179552,0
2016-03-10,708.12,716.44,703.36,712.82,2833525,0
2016-03-11,720,726.92,717.125,726.82,1660799,0
2016-03-14,726.81,735.5,725.15,730.49,1718252,0
2016-03-15,726.92,732.29,724.77,728.33,1720965,0
2016-03-16,726.37,737.47,724.51,736.09,1624370,0
2016-03-17,736.45,743.07,736,737.78,1860834,0
2016-03-18,741.86,742,731.83,737.6,2980709,0
2016-03-21,736.5,742.5,733.516,742.09,1836503,0
2016-03-22,737.46,745,737.46,740.75,1269749,0
2016-03-23,742.36,745.72,736.15,738.06,1432099,0
2016-03-24,732.01,737.747,731,735.3,1594891,0
2016-03-28,736.79,738.99,732.5,733.53,917843,0
2016-03-29,734.59,747.25,728.76,744.77,1352078,0
2016-03-30,750.1,757.88,748.74,750.53,1238933,0
2016-03-31,749.25,750.85,740.94,744.95,1130133,0
2016-04-01,738.6,750.34,737,749.91,1098682,0
2016-04-04,750.06,752.8,742.43,745.29,783665,0
2016-04-05,738,742.8,735.37,737.8,970414,0
2016-04-06,735.77,746.24,735.56,745.69,726844,0
2016-04-07,745.37,747,736.28,740.28,1036311,0
2016-04-08,743.97,745.45,735.55,739.15,1254527,0
2016-04-11,743.02,745,736.05,736.1,818464,0
2016-04-12,738,743.83,731.01,743.09,1141578,0
2016-04-13,749.16,754.38,744.261,751.72,1202835,0
2016-04-14,754.01,757.31,752.705,753.2,815417,0
2016-04-15,753.98,761,752.694,759,1552347,0
2016-04-18,760.46,768.05,757.3,766.61,1442123,0
2016-04-19,769.51,769.9,749.33,753.93,1305326,0
2016-04-20,758,758.132,750.01,752.67,1082739,0
2016-04-21,755.38,760.43,749.55,759.14,1546480,0
2016-04-22,726.3,736.12,713.61,718.77,5467206,0
2016-04-25,716.1,723.93,715.59,723.15,1312381,0
2016-04-26,725.42,725.766,703.026,708.14,2010224,0
2016-04-27,707.29,708.98,692.365,705.84,2822644,0
2016-04-28,708.26,714.17,689.55,691.02,2167756,0
2016-04-29,690.7,697.62,689,693.01,1976287,0
2016-05-02,697.63,700.64,691,698.21,1134592,0
2016-05-03,696.87,697.84,692,692.36,1006062,0
2016-05-04,690.49,699.75,689.01,695.7,1166670,0
2016-05-05,697.7,702.32,695.72,701.41,1214920,0
2016-05-06,698.38,711.86,698.107,711.12,1589924,0
2016-05-09,712,718.71,710,712.9,1330750,0
2016-05-10,716.75,723.5,715.72,723.18,1490782,0
2016-05-11,723.41,724.48,712.8,715.29,1225628,0
2016-05-12,717.06,719.25,709,713.31,865189,0
2016-05-13,711.93,716.662,709.26,710.83,853701,0
2016-05-16,709.13,718.48,705.65,716.49,1267485,0
2016-05-17,715.99,721.52,704.11,706.29,1801286,0
2016-05-18,703.67,711.6,700.63,706.63,1200724,0
2016-05-19,702.36,706,696.8,700.32,1078707,0
2016-05-20,701.62,714.58,700.52,709.74,1326982,0
2016-05-23,706.53,711.478,704.18,704.24,873438,0
2016-05-24,706.86,720.97,706.86,720.09,1266430,0
2016-05-25,720.76,727.51,719.705,725.27,1456950,0
2016-05-26,722.87,728.33,720.28,724.12,1119858,0
2016-05-27,724.01,733.936,724,732.66,1542103,0
2016-05-31,731.74,739.73,731.26,735.55,1227131,0
2016-06-01,734.53,737.21,730.66,734.15,1164471,0
2016-06-02,732.5,733.02,724.17,730.4,895953,0
2016-06-03,729.27,729.49,720.56,722.34,866004,0
2016-06-06,724.91,724.91,714.61,716.55,1120039,0
2016-06-07,719.84,721.98,716.55,716.65,1115971,0
2016-06-08,723.96,728.57,720.58,728.28,1150436,0
2016-06-09,722.87,729.54,722.336,728.58,762995,0
2016-06-10,719.47,725.89,716.43,719.39,734876,0
2016-06-13,716.51,725.44,716.51,718.36,699764,0
2016-06-14,716.48,722.47,713.12,718.27,1271681,0
2016-06-15,719,722.46,717.31,718.92,751209,0
2016-06-16,714.91,716.65,703.26,710.37,1294394,0
2016-06-17,708.65,708.82,688.452,691.72,2409492,0
2016-06-20,698.77,702.48,693.41,693.71,1744446,0
2016-06-21,698.4,702.77,692.01,695.94,1369469,0
2016-06-22,699.06,700.86,693.082,697.68,639269,0
2016-06-23,697.45,701.95,687,701.87,1507403,0
2016-06-24,675.17,689.4,673.45,675.22,2904873,0
2016-06-27,671,672.3,663.284,668.26,2388710,0
2016-06-28,678.97,680.33,673,680.04,1221077,0
2016-06-29,683,687.429,681.41,684.11,1781749,0
2016-06-30,685.47,692.32,683.65,692.1,1106268,0
2016-07-01,692.2,700.65,692.13,699.21,910326,0
2016-07-05,696.06,696.94,688.88,694.95,1011262,0
2016-07-06,689.98,701.68,689.09,697.77,1160832,0
2016-07-07,698.08,698.2,688.215,695.36,900031,0
2016-07-08,699.5,705.71,696.435,705.63,1199498,0
2016-07-11,708.05,716.51,707.24,715.09,933552,0
2016-07-12,719.12,722.94,715.91,720.64,915244,0
2016-07-13,723.62,724,716.85,716.98,610288,0
2016-07-14,721.58,722.21,718.03,720.95,591177,0
2016-07-15,725.73,725.74,719.055,719.71,838179,0
2016-07-18,722.71,736.13,721.19,733.78,1084872,0
2016-07-19,729.89,736.99,729,736.96,1060873,0
2016-07-20,737.33,742.13,737.1,741.19,883372,0
2016-07-21,740.36,741.69,735.831,738.63,651641,0
2016-07-22,741.86,743.24,736.56,742.74,923487,0
2016-07-25,740.67,742.61,737.5,739.77,742653,0
2016-07-26,739.04,741.69,734.27,738.42,800931,0
2016-07-27,738.28,744.46,737,741.77,871502,0
2016-07-28,747.04,748.65,739.3,745.91,2550168,0
2016-07-29,772.71,778.55,766.77,768.79,2733132,0
2016-08-01,761.09,780.43,761.09,772.88,1950146,0
2016-08-02,768.69,775.84,767.85,771.06,1177012,0
2016-08-03,767.18,773.21,766.82,773.18,871074,0
2016-08-04,772.22,774.07,768.795,771.61,763261,0
2016-08-05,773.78,783.04,772.34,782.01,1016983,0
2016-08-08,782,782.63,778.091,781.76,897096,0
2016-08-09,781.1,788.94,780.57,784.26,922659,0
2016-08-10,783.75,786.812,782.778,784.68,563639,0
2016-08-11,785,789.75,782.97,784.85,642270,0
2016-08-12,781.5,783.395,780.4,783.22,596918,0
2016-08-15,783.75,787.49,780.11,782.44,752647,0
2016-08-16,780.3,780.98,773.444,777.13,624204,0
2016-08-17,777.32,780.81,773.53,779.91,628560,0
2016-08-18,780.01,782.86,777,777.5,593087,0
2016-08-19,775,777.1,773.13,775.42,601928,0
2016-08-22,773.27,774.54,770.05,772.15,667143,0
2016-08-23,775.48,776.44,771.785,772.08,636501,0
2016-08-24,770.58,774.5,767.07,769.64,741804,0
2016-08-25,767,771.89,763.185,769.41,634003,0
2016-08-26,769,776.08,765.85,769.54,1021451,0
2016-08-29,768.74,774.99,766.615,772.15,604406,0
2016-08-30,769.33,774.466,766.84,769.09,787138,0
2016-08-31,767.01,769.09,765.38,767.12,751591,0
2016-09-01,769.25,771.02,764.3,768.78,618692,0
2016-09-02,773.01,773.92,768.41,771.46,774256,0
2016-09-06,773.45,782,771,780.08,1239451,0
2016-09-07,780,782.73,776.2,780.35,590233,0
2016-09-08,778.59,780.35,773.58,775.32,707531,0
2016-09-09,770.1,773.245,759.66,759.66,1571155,0
2016-09-12,755.13,770.29,754,769.02,1176041,0
2016-09-13,764.48,766.22,755.8,759.69,912432,0
2016-09-14,759.61,767.68,759.11,762.49,746816,0
2016-09-15,762.89,773.8,759.96,772.1,1028285,0
2016-09-16,769.75,769.75,764.66,768.88,1486221,0
2016-09-19,772.42,774,764.441,765.7,760052,0
2016-09-20,769,773.33,768.53,771.41,661423,0
2016-09-21,772.66,777.16,768.301,776.22,780841,0
2016-09-22,780,789.85,778.44,787.21,985732,0
2016-09-23,786.59,788.93,784.15,786.9,1211305,0
2016-09-26,782.74,782.74,773.07,774.2,1187269,0
2016-09-27,775.5,785.99,774.308,783.01,752930,0
2016-09-28,777.85,781.81,774.97,781.56,844106,0
2016-09-29,781.44,785.8,774.232,775.01,1212788,0
2016-09-30,776.33,780.94,774.09,777.29,1355870,0
2016-10-03,774.25,776.065,769.5,772.56,1055724,0
2016-10-04,776.03,778.71,772.89,776.43,844179,0
2016-10-05,779.31,782.07,775.65,776.47,880132,0
2016-10-06,779,780.48,775.54,776.86,808197,0
2016-10-07,779.66,779.66,770.75,775.08,680154,0
2016-10-10,777.71,789.38,775.87,785.94,871065,0
2016-10-11,786.66,792.28,780.58,783.07,921217,0
2016-10-12,783.76,788.13,782.06,786.14,731447,0
2016-10-13,781.22,781.22,773,778.19,897992,0
2016-10-14,781.65,783.95,776,778.53,587036,0
2016-10-17,779.8,785.85,777.5,779.96,776584,0
2016-10-18,787.85,801.61,785.565,795.26,1955165,0
2016-10-19,798.86,804.63,797.635,801.56,1215080,0
2016-10-20,803.3,803.97,796.03,796.97,1537480,0
2016-10-21,795,799.5,794,799.38,780455,0
2016-10-24,804.9,815.18,804.82,813.11,1597302,0
2016-10-25,816.68,816.68,805.14,807.67,1534413,0
2016-10-26,806.34,806.98,796.32,799.07,1568414,0
2016-10-27,801,803.49,791.5,795.35,2015863,0
2016-10-28,808.35,815.49,793.59,795.37,3985626,0
2016-10-31,795.47,796.86,784,784.54,2427284,0
2016-11-01,782.89,789.49,775.54,783.61,2406356,0
2016-11-02,778.2,781.65,763.45,768.7,1918414,0
2016-11-03,767.25,769.95,759.03,762.13,1943175,0
2016-11-04,750.66,770.36,750.561,762.02,2134812,0
2016-11-07,774.5,785.19,772.55,782.52,1477543,0
2016-11-08,783.4,795.633,780.19,790.51,1310757,0
2016-11-09,779.94,791.227,771.67,785.31,2375926,0
2016-11-10,791.17,791.17,752.18,762.56,4646668,0
2016-11-11,756.54,760.78,750.38,754.02,2314990,0
2016-11-14,755.6,757.85,727.54,736.08,3654385,0
2016-11-15,746.97,764.416,746.97,758.49,2384001,0
2016-11-16,755.2,766.36,750.51,764.48,1443357,0
2016-11-17,766.92,772.7,764.23,771.23,1204735,0
2016-11-18,771.37,775,760,760.54,1511143,0
2016-11-21,762.61,769.7,760.6,769.2,1278480,0
2016-11-22,772.63,776.96,767,768.27,1549195,0
2016-11-23,767.73,768.283,755.25,760.99,1433899,0
2016-11-25,764.26,765,760.52,761.68,561760,0
2016-11-28,760,779.53,759.8,768.24,2077465,0
2016-11-29,771.53,778.5,768.24,770.84,1572748,0
2016-11-30,770.07,772.99,754.83,758.04,2320292,0
2016-12-01,757.44,759.85,737.025,747.92,2968343,0
2016-12-02,744.59,754,743.1,750.5,1424697,0
2016-12-05,757.71,763.9,752.9,762.52,1331968,0
2016-12-06,764.73,768.83,757.34,759.11,1614606,0
2016-12-07,761,771.36,755.8,771.19,1703058,0
2016-12-08,772.48,778.18,767.23,776.4,1337581,0
2016-12-09,780,789.43,779.021,789.29,1757030,0
2016-12-12,785.04,791.25,784.355,789.27,2084246,0
2016-12-13,793.9,804.38,793.34,796.1,2071966,0
2016-12-14,797.4,804,794.01,797.07,1599414,0
2016-12-15,797.34,803,792.92,797.85,1510240,0
2016-12-16,800.4,800.856,790.36,790.8,2042768,0
2016-12-19,790.22,797.66,786.27,794.15,1082046,0
2016-12-20,796.76,798.65,793.27,796.42,912191,0
2016-12-21,795.84,796.676,787.1,794.58,1137261,0
2016-12-22,792.36,793.32,788.58,791.26,904602,0
2016-12-23,790.9,792.74,787.28,789.91,605954,0
2016-12-27,790.68,797.86,787.657,791.55,774577,0
2016-12-28,793.7,794.23,783.2,785.05,970714,0
2016-12-29,783.33,785.93,778.92,782.79,738203,0
2016-12-30,782.75,782.78,770.41,771.82,1769950,0
2017-01-03,778.81,789.63,775.8,786.14,1605446,0
2017-01-04,788.36,791.34,783.16,786.9,1052125,0
2017-01-05,786.08,794.48,785.02,794.03,1114512,0
2017-01-06,795.26,807.9,792.204,806.15,1567821,0
2017-01-09,806.4,809.966,802.83,806.65,1230371,0
2017-01-10,807.86,809.13,803.51,804.8,997730,0
2017-01-11,805,808.15,801.37,807.91,1041244,0
2017-01-12,807.14,807.39,799.17,806.36,1278695,0
2017-01-13,807.48,811.224,806.69,807.88,1067240,0
2017-01-17,807.08,807.14,800.37,804.61,1141577,0
2017-01-18,805.81,806.205,800.99,806.07,1195669,0
2017-01-19,805.12,809.48,801.8,802.175,894921,0
2017-01-20,806.91,806.91,801.69,805.02,1569196,0
2017-01-23,807.25,820.87,803.74,819.31,1811778,0
2017-01-24,822.3,825.9,817.821,823.87,1420133,0
2017-01-25,829.62,835.77,825.06,835.67,1457244,0
2017-01-26,837.81,838,827.01,832.15,2374731,0
2017-01-27,834.71,841.95,820.44,823.31,2867241,0
2017-01-30,814.66,815.84,799.8,802.32,3118289,0
2017-01-31,796.86,801.25,790.52,796.79,2026212,0
2017-02-01,799.68,801.19,791.19,795.695,1973620,0
2017-02-02,793.8,802.7,792,798.53,1416853,0
2017-02-03,802.99,806,800.37,801.49,1463448,0
2017-02-06,799.7,801.67,795.25,801.34,1124955,0
2017-02-07,803.99,810.5,801.78,806.97,1225336,0
2017-02-08,807,811.84,803.19,808.38,1127543,0
2017-02-09,809.51,810.66,804.54,809.56,956998,0
2017-02-10,811.7,815.25,809.78,813.67,1102389,0
2017-02-13,816,820.959,815.49,819.24,1133310,0
2017-02-14,819,823,816,820.39,928985,0
2017-02-15,819.36,823,818.47,818.98,1244773,0
2017-02-16,819.93,824.4,818.98,824.16,1266675,0
2017-02-17,823.02,828.07,821.655,828.07,1386194,0
2017-02-21,828.66,833.45,828.35,831.66,1147909,0
2017-02-22,828.66,833.25,828.64,830.76,901969,0
2017-02-23,830.12,832.46,822.88,831.33,1192820,0
2017-02-24,827.73,829,824.2,828.64,1376546,0
2017-02-27,824.55,830.5,824,829.28,1048782,0
2017-02-28,825.61,828.54,820.2,823.21,1638677,0
2017-03-01,828.85,836.255,827.26,835.24,1412695,0
2017-03-02,833.85,834.51,829.64,830.63,795781,0
2017-03-03,830.56,831.36,825.751,829.08,881685,0
2017-03-06,826.95,828.88,822.4,827.56,954852,0
2017-03-07,827.4,833.41,826.52,831.91,983349,0
2017-03-08,833.51,838.15,831.79,835.37,915520,0
2017-03-09,836,842,834.21,838.68,1230591,0
2017-03-10,843.28,844.91,839.5,843.25,1668733,0
2017-03-13,847.753,848.685,843.25,845.54,1223647,0
2017-03-14,843.64,847.24,840.8,845.62,780198,0
2017-03-15,847.59,848.63,840.77,847.2,1381474,0
2017-03-16,849.03,850.85,846.13,848.78,977560,0
2017-03-17,851.61,853.4,847.11,852.12,1612724,0
2017-03-20,850.01,850.22,845.15,848.4,1231521,0
2017-03-21,851.4,853.5,829.02,830.46,2463484,0
2017-03-22,831.91,835.55,827.18,829.59,1401465,0
2017-03-23,821,822.57,812.257,817.58,3487056,0
2017-03-24,820.08,821.93,808.89,814.43,1942593,0
2017-03-27,806.95,821.63,803.37,819.51,1805933,0
2017-03-28,820.41,825.99,814.027,820.92,1527248,0
2017-03-29,825,832.765,822.38,831.41,1297192,0
2017-03-30,833.5,833.68,829,831.5,1042628,0
2017-03-31,828.97,831.64,827.39,829.6,1205256,0
2017-04-03,829.22,840.85,829.22,838.55,1671503,0
2017-04-04,831.36,835.18,829.036,834.57,1031012,0
2017-04-05,835.51,842.45,830.72,831.41,1509585,0
2017-04-06,832.4,836.39,826.46,827.88,1229645,0
2017-04-07,827.96,828.485,820.513,824.67,1057253,0
2017-04-10,825.39,829.35,823.77,824.73,888715,0
2017-04-11,824.71,827.427,817.02,823.35,1079732,0
2017-04-12,821.93,826.66,821.02,824.32,858986,0
2017-04-13,822.14,826.38,821.44,823.56,955830,0
2017-04-17,825.01,837.75,824.47,837.17,833593,0
2017-04-18,834.22,838.93,832.71,836.82,773214,0
2017-04-19,839.79,842.22,836.29,838.21,936210,0
2017-04-20,841.44,845.2,839.32,841.65,933451,0
2017-04-21,842.88,843.88,840.6,843.19,1256562,0
2017-04-24,851.2,863.45,849.86,862.76,1371831,0
2017-04-25,865,875,862.81,872.3,1671671,0
2017-04-26,874.23,876.05,867.748,871.73,1235967,0
2017-04-27,873.6,875.4,870.38,874.25,2014677,0
2017-04-28,910.66,916.85,905.77,905.96,3276255,0
2017-05-01,901.94,915.68,901.45,912.57,2115701,0
2017-05-02,909.62,920.77,909.453,916.44,1545245,0
2017-05-03,914.86,928.1,912.543,927.04,1498051,0
2017-05-04,926.07,935.93,924.59,931.66,1421984,0
2017-05-05,933.54,934.9,925.2,927.13,1911275,0
2017-05-08,926.12,936.925,925.26,934.3,1329096,0
2017-05-09,936.95,937.5,929.53,932.17,1581337,0
2017-05-10,931.98,932,925.16,928.78,1173901,0
2017-05-11,925.32,932.53,923.03,930.6,835028,0
2017-05-12,931.53,933.44,927.85,932.22,1050377,0
2017-05-15,932.95,938.25,929.34,937.08,1104646,0
2017-05-16,940,943.11,937.58,943,968288,0
2017-05-17,935.67,939.333,918.14,919.62,2357984,0
2017-05-18,921,933.17,918.75,930.24,1596897,0
2017-05-19,931.47,937.755,931,934.01,1389830,0
2017-05-22,935,941.883,935,941.86,1118907,0
2017-05-23,947.92,951.467,942.575,948.82,1269442,0
2017-05-24,952.98,955.09,949.5,954.96,1031483,0
2017-05-25,957.33,972.629,955.47,969.54,1659922,0
2017-05-26,969.7,974.98,965.03,971.47,1251424,0
2017-05-30,970.31,976.2,969.49,975.88,1466288,0
2017-05-31,975.02,979.27,960.18,964.86,2447196,0
2017-06-01,968.95,971.5,960.01,966.95,1410194,0
2017-06-02,969.46,975.6,966,975.6,1747159,0
2017-06-05,976.55,986.91,975.1,983.68,1251915,0
2017-06-06,983.16,988.25,975.14,976.72,1814374,0
2017-06-07,979.65,984.15,975.77,981.08,1447192,0
2017-06-08,982.35,984.57,977.2,983.4,1477184,0
2017-06-09,984.5,984.5,935.63,949.83,3306186,0
2017-06-12,939.56,949.355,915.233,942.9,3762440,0
2017-06-13,951.91,959.98,944.09,953.4,2013077,0
2017-06-14,959.92,961.15,942.25,950.76,1487430,0
2017-06-15,933.97,943.339,924.44,942.31,2065277,0
2017-06-16,940,942.04,931.595,939.78,3061998,0
2017-06-19,949.96,959.99,949.05,957.37,1530467,0
2017-06-20,957.52,961.62,950.01,950.63,1125862,0
2017-06-21,953.64,960.1,950.76,959.45,1202233,0
2017-06-22,958.7,960.72,954.55,957.09,941678,0
2017-06-23,956.83,966,954.2,965.59,1527515,0
2017-06-26,969.9,973.31,950.79,952.27,1596876,0
2017-06-27,942.46,948.29,926.85,928.13,2578143,0
2017-06-28,929,942.75,916,940.49,2719227,0
2017-06-29,929.92,931.26,910.62,917.79,3288129,0
2017-06-30,926.05,926.05,908.31,908.73,2086402,0
2017-07-03,912.18,913.94,894.79,898.11,1710373,0
2017-07-05,901.76,914.51,898.5,911.71,1813319,0
2017-07-06,904.12,914.944,899.7,906.69,1424384,0
2017-07-07,908.85,921.54,908.85,918.59,1603306,0
2017-07-10,921.77,930.38,919.59,928.8,1192091,0
2017-07-11,929.54,931.43,922,930.09,1112531,0
2017-07-12,938.68,946.3,934.47,943.83,1531394,0
2017-07-13,946.29,954.45,943.01,947.159,1294675,0
2017-07-14,952,956.91,948.005,956,1052894,0
2017-07-17,957,960.74,949.241,953.42,1164272,0
2017-07-18,953,968.04,950.6,965.4,1153053,0
2017-07-19,967.84,973.04,964.03,970.89,1223978,0
2017-07-20,975,975.9,961.51,968.15,1621399,0
2017-07-21,962.25,973.23,960.15,972.92,1697398,0
2017-07-24,972.22,986.2,970.77,980.34,3218803,0
2017-07-25,953.81,959.7,945.4,950.7,4658321,0
2017-07-26,954.68,955,942.279,947.8,2082194,0
2017-07-27,951.78,951.78,920,934.09,3129465,0
2017-07-28,929.4,943.83,927.5,941.53,1802451,0
2017-07-31,941.89,943.59,926.04,930.5,1965455,0
2017-08-01,932.38,937.447,929.26,930.83,1234746,0
2017-08-02,928.61,932.6,916.68,930.39,1822424,0
2017-08-03,930.34,932.24,922.24,923.65,1201975,0
2017-08-04,926.64,930.307,923.03,927.96,1081918,0
2017-08-07,929.06,931.7,926.5,929.36,1031721,0
2017-08-08,927.09,935.814,925.61,926.79,1057532,0
2017-08-09,920.61,925.98,917.25,922.9,1191341,0
2017-08-10,917.55,919.26,906.13,907.24,1757389,0
2017-08-11,907.97,917.78,905.58,914.39,1205970,0
2017-08-14,922.53,924.668,918.19,922.67,1063412,0
2017-08-15,924.23,926.55,919.82,922.22,882511,0
2017-08-16,925.29,932.7,923.445,926.96,1005761,0
2017-08-17,925.78,926.86,910.98,910.98,1254503,0
2017-08-18,910.31,915.275,907.154,910.67,1342011,0
2017-08-21,910,913,903.4,906.66,942384,0
2017-08-22,912.72,925.86,911.475,924.69,1166326,0
2017-08-23,921.93,929.93,919.36,927,1088590,0
2017-08-24,928.66,930.84,915.5,921.28,1269905,0
2017-08-25,923.49,925.555,915.5,915.89,1052775,0
2017-08-28,916,919.245,911.87,913.81,1085353,0
2017-08-29,905.1,923.33,905,921.29,1185501,0
2017-08-30,920.05,930.819,919.65,929.57,1301127,0
2017-08-31,931.76,941.98,931.76,939.33,1576875,0
2017-09-01,941.13,942.48,935.15,937.34,947039,0
2017-09-05,933.08,937,921.96,928.45,1346797,0
2017-09-06,930.15,930.915,919.27,927.81,1527274,0
2017-09-07,931.73,936.41,923.62,936.02,1211997,0
2017-09-08,936.49,936.99,924.88,926.5,999166,0
2017-09-11,934.25,938.38,926.92,929.08,1266079,0
2017-09-12,932.59,933.48,923.861,932.07,1134054,0
2017-09-13,930.66,937.25,929.86,935.09,1101219,0
2017-09-14,931.25,932.77,924,925.11,1395543,0
2017-09-15,924.66,926.49,916.36,920.29,2499545,0
2017-09-18,920.01,922.08,910.6,915,1300826,0
2017-09-19,917.42,922.42,912.55,921.81,923253,0
2017-09-20,922.98,933.88,922,931.58,1542266,0
2017-09-21,933,936.53,923.83,932.45,1227066,0
2017-09-22,927.75,934.73,926.48,928.53,1052171,0
2017-09-25,925.45,926.4,909.7,920.97,1855886,0
2017-09-26,923.72,930.82,921.14,924.86,1666749,0
2017-09-27,927.74,949.9,927.74,944.49,2237538,0
2017-09-28,941.36,950.69,940.55,949.5,997202,0
2017-09-29,952,959.786,951.51,959.11,1579728,0
2017-10-02,959.98,962.54,947.84,953.27,1282861,0
2017-10-03,954,958,949.14,957.79,888306,0
2017-10-04,957,960.39,950.69,951.68,951792,0
2017-10-05,955.49,970.91,955.18,969.96,1213368,0
2017-10-06,966.7,979.46,963.36,978.38,1172738,0
2017-10-09,980,985.425,976.11,977,890722,0
2017-10-10,980,981.57,966.08,972.6,968115,0
2017-10-11,973.72,990.71,972.25,989.25,1692880,0
2017-10-12,987.45,994.12,985,987.91,1278363,0
2017-10-13,992,997.21,989,989.68,1169587,0
2017-10-16,992.1,993.907,984,992,910246,0
2017-10-17,990.29,996.44,988.59,992.18,1290157,0
2017-10-18,991.77,996.72,986.975,992.81,1057506,0
2017-10-19,986,988.88,978.39,984.45,1312902,0
2017-10-20,989.44,991,984.58,988.2,1176177,0
2017-10-23,989.52,989.52,966.12,968.45,1478308,0
2017-10-24,970,972.23,961,970.54,1206099,0
2017-10-25,968.37,976.09,960.52,973.33,1210419,0
2017-10-26,980,987.6,972.2,972.56,2031039,0
2017-10-27,1009.11,1048.39,1008.25,1019.27,5165933,0
2017-10-30,1014,1024.97,1007.5,1017.11,2085062,0
2017-10-31,1015.22,1024,1010.42,1016.64,1331391,0
2017-11-01,1017.21,1029.67,1016.95,1025.5,1373444,0
2017-11-02,1021.76,1028.09,1013.01,1025.58,1048970,0
2017-11-03,1022.11,1032.65,1020.31,1032.48,1076350,0
2017-11-06,1028.99,1034.87,1025,1025.9,1124765,0
2017-11-07,1027.27,1033.96,1027.12,1033.33,1112146,0
2017-11-08,1030.52,1043.52,1028.45,1039.85,1088395,0
2017-11-09,1033.99,1033.99,1019.67,1031.05,1244886,0
2017-11-10,1026.46,1030.76,1025.28,1028.07,720674,0
2017-11-10,1026.46,1030.76,1025.28,1028.07,720000.0,0
2017-11-13,1023.42,1031.58,1022.57,1025.75,885800.0,0
2017-11-14,1022.59,1026.81,1014.15,1026.0,959200.0,0
2017-11-15,1019.21,1024.09,1015.42,1020.91,854000.0,0
2017-11-16,1022.52,1035.92,1022.52,1032.5,1129700.0,0
2017-11-17,1034.01,1034.42,1017.75,1019.09,1397100.0,0
2017-11-20,1020.26,1022.61,1017.5,1018.38,953500.0,0
2017-11-21,1023.31,1035.11,1022.66,1034.49,1097000.0,0
2017-11-22,1035.0,1039.71,1031.43,1035.96,746300.0,0
2017-11-24,1035.87,1043.18,1035.0,1040.61,537000.0,0
2017-11-27,1040.0,1055.46,1038.44,1054.21,1307900.0,0
2017-11-28,1055.09,1062.38,1040.0,1047.41,1424400.0,0
2017-11-29,1042.68,1044.08,1015.65,1021.66,2459400.0,0
2017-11-30,1022.37,1028.49,1015.0,1021.41,1724000.0,0
2017-12-01,1015.8,1022.49,1002.02,1010.17,1909600.0,0
2017-12-04,1012.66,1016.1,995.57,998.68,1906400.0,0
2017-12-05,995.94,1020.61,988.28,1005.15,2067300.0,0
2017-12-06,1001.5,1024.97,1001.14,1018.38,1272000.0,0
2017-12-07,1020.43,1034.24,1018.07,1030.93,1458200.0,0
2017-12-08,1037.49,1042.05,1032.52,1037.05,1290800.0,0
2017-12-11,1035.5,1043.8,1032.05,1041.1,1192800.0,0
2017-12-12,1039.63,1050.31,1033.69,1040.48,1279500.0,0
2017-12-13,1046.12,1046.67,1038.38,1040.61,1282700.0,0
2017-12-14,1045.0,1058.5,1043.11,1049.15,1558700.0,0
2017-12-15,1054.61,1067.62,1049.5,1064.19,3275900.0,0
2017-12-18,1066.08,1078.49,1062.0,1077.14,1554600.0,0
2017-12-19,1075.2,1076.84,1063.55,1070.68,1338700.0,0
2017-12-20,1071.78,1073.38,1061.52,1064.95,1268600.0,0
2017-12-21,1064.95,1069.33,1061.79,1063.63,995700.0,0
2017-12-22,1061.11,1064.2,1059.44,1060.12,755100.0,0
2017-12-26,1058.07,1060.12,1050.2,1056.74,760600.0,0
2017-12-27,1057.39,1058.37,1048.05,1049.37,1271900.0,0
2017-12-28,1051.6,1054.75,1044.77,1048.14,837100.0,0
2017-12-29,1046.72,1049.7,1044.9,1046.4,887500.0,0
2018-01-02,1048.34,1066.94,1045.23,1065.0,1237600.0,0
2018-01-03,1064.31,1086.29,1063.21,1082.48,1430200.0,0
2018-01-04,1088.0,1093.57,1084.0,1086.4,1004600.0,0
2018-01-05,1094.0,1104.25,1092.0,1102.23,1279100.0,0
2018-01-08,1102.23,1111.27,1101.62,1106.94,1047600.0,0
2018-01-09,1109.4,1110.57,1101.23,1106.26,902500.0,0
2018-01-10,1097.1,1104.6,1096.11,1102.61,1042800.0,0
2018-01-11,1106.3,1106.53,1099.59,1105.52,978300.0,0
2018-01-12,1102.41,1124.29,1101.15,1122.26,1720500.0,0
2018-01-16,1132.51,1139.91,1117.83,1121.76,1575300.0,0
2018-01-17,1126.22,1132.6,1117.01,1131.98,1202600.0,0
2018-01-18,1131.41,1132.51,1117.5,1129.79,1198200.0,0
2018-01-19,1131.83,1137.86,1128.3,1137.51,1778200.0,0
2018-01-22,1137.49,1159.88,1135.11,1155.81,1618000.0,0
2018-01-23,1159.85,1171.63,1158.75,1169.97,1333100.0,0
2018-01-24,1177.33,1179.86,1161.05,1164.24,1416600.0,0
2018-01-25,1172.53,1175.94,1162.76,1170.37,1480500.0,0
2018-01-26,1175.08,1175.84,1158.11,1175.84,2018800.0,0
2018-01-29,1176.48,1186.89,1171.98,1175.58,1378900.0,0
2018-01-30,1167.83,1176.52,1163.52,1163.69,1556300.0,0
2018-01-31,1170.57,1173.0,1159.13,1169.94,1538700.0,0
2018-02-01,1162.61,1174.0,1157.52,1167.7,2412100.0,0
2018-02-02,1122.0,1123.07,1107.28,1111.9,4857900.0,0
2018-02-05,1090.6,1110.0,1052.03,1055.8,3798300.0,0
2018-02-06,1027.18,1081.71,1023.14,1080.6,3448000.0,0
2018-02-07,1081.54,1081.78,1048.26,1048.58,2369200.0,0
2018-02-08,1055.41,1058.62,1000.66,1001.52,2859100.0,0
2018-02-09,1017.25,1043.97,992.56,1037.78,3505900.0,0
2018-02-12,1048.0,1061.5,1040.93,1051.94,2057700.0,0
2018-02-13,1045.0,1058.37,1044.09,1052.1,1265100.0,0
2018-02-14,1048.95,1071.72,1046.75,1069.7,1555800.0,0
2018-02-15,1079.07,1091.48,1064.34,1089.52,1843400.0,0
2018-02-16,1088.41,1104.67,1088.31,1094.8,1679500.0,0
2018-02-20,1090.57,1113.95,1088.52,1102.46,1423100.0,0
2018-02-21,1106.47,1133.97,1106.33,1111.34,1512900.0,0
2018-02-22,1116.19,1122.82,1102.59,1106.63,1317200.0,0
2018-02-23,1112.64,1127.28,1104.71,1126.79,1261000.0,0
2018-02-26,1127.8,1143.96,1126.69,1143.75,1559100.0,0
2018-02-27,1141.24,1144.04,1118.0,1118.29,1774100.0,0
2018-02-28,1123.03,1127.53,1103.24,1104.73,1882600.0,0
2018-03-01,1107.87,1110.12,1067.0,1069.52,2515900.0,0
2018-03-02,1053.08,1082.0,1048.11,1078.92,2271600.0,0
2018-03-05,1075.14,1097.1,1069.0,1090.93,1202200.0,0
2018-03-06,1099.22,1101.85,1089.78,1095.06,1532800.0,0
2018-03-07,1089.19,1112.22,1085.48,1109.64,1292500.0,0
2018-03-08,1115.32,1127.6,1112.8,1126.0,1355100.0,0
2018-03-09,1136.0,1160.8,1132.46,1160.04,2128000.0,0
2018-03-12,1163.85,1177.05,1157.42,1164.5,2172300.0,0
2018-03-13,1170.0,1176.76,1133.33,1138.17,1907200.0,0
2018-03-14,1145.21,1158.59,1141.44,1149.49,1291400.0,0
2018-03-15,1149.96,1161.08,1134.54,1149.58,1395400.0,0
2018-03-16,1154.14,1155.88,1131.96,1135.73,3092000.0,0
2018-03-19,1120.01,1121.99,1089.01,1099.82,2805900.0,0
2018-03-20,1099.0,1105.2,1083.46,1097.71,1831900.0,0
2018-03-21,1092.74,1106.3,1085.15,1090.88,1878900.0,0
2018-03-22,1081.88,1082.9,1045.91,1049.08,2667000.0,0
2018-03-23,1047.03,1063.36,1021.22,1021.57,2156700.0,0
2018-03-26,1046.0,1055.63,1008.4,1053.21,2665100.0,0
2018-03-27,1063.0,1064.84,996.92,1005.1,3095300.0,0
2018-03-28,998.0,1024.23,980.64,1004.56,3369300.0,0
2018-03-29,1011.63,1043.0,1002.9,1031.79,2726800.0,0
2018-04-02,1022.82,1034.8,990.37,1006.47,2680400.0,0
2018-04-03,1013.91,1020.99,994.07,1013.41,2275100.0,0
2018-04-04,993.41,1028.72,993.0,1025.14,2484700.0,0
2018-04-05,1041.33,1042.79,1020.13,1027.81,1363000.0,0
2018-04-06,1020.0,1031.42,1003.03,1007.04,1746400.0,0
2018-04-09,1016.8,1039.6,1014.08,1015.45,1751600.0,0
2018-04-10,1026.44,1036.28,1011.34,1031.64,1974500.0,0
2018-04-11,1027.99,1031.36,1015.87,1019.97,1483900.0,0
2018-04-12,1025.04,1040.69,1021.43,1032.51,1357000.0,0
2018-04-13,1040.88,1046.42,1022.98,1029.27,1223000.0,0
2018-04-16,1037.0,1043.24,1026.74,1037.98,1211200.0,0
2018-04-17,1051.37,1077.88,1048.26,1074.16,2320300.0,0
2018-04-18,1077.43,1077.43,1066.22,1072.08,1344100.0,0
2018-04-19,1069.4,1094.17,1068.18,1087.7,1747700.0,0
2018-04-20,1082.0,1092.35,1069.57,1072.96,1889700.0,0
2018-04-23,1077.86,1082.72,1060.7,1067.45,2341300.0,0
2018-04-24,1052.0,1057.0,1010.59,1019.98,4760300.0,0
2018-04-25,1025.52,1032.49,1015.31,1021.18,2391100.0,0
2018-04-26,1029.51,1047.98,1018.19,1040.04,2079500.0,0
2018-04-27,1046.0,1049.5,1025.59,1030.05,1619800.0,0
2018-04-30,1030.01,1037.0,1016.85,1017.33,1671300.0,0
2018-05-01,1013.66,1038.47,1008.21,1037.31,1427900.0,0
2018-05-02,1028.1,1040.39,1022.87,1024.38,1603100.0,0
2018-05-03,1019.0,1029.68,1006.29,1023.72,1815100.0,0
2018-05-04,1016.9,1048.51,1016.9,1048.21,1938700.0,0
2018-05-07,1049.23,1061.68,1047.1,1054.79,1466100.0,0
2018-05-08,1058.54,1060.55,1047.15,1053.91,1217700.0,0
2018-05-09,1058.1,1085.44,1056.36,1082.76,2032800.0,0
2018-05-10,1086.03,1100.44,1085.64,1097.57,1443000.0,0
2018-05-11,1093.6,1101.33,1090.91,1098.26,1253700.0,0
2018-05-14,1100.0,1110.75,1099.11,1100.2,1518100.0,0
2018-05-15,1090.0,1090.05,1073.47,1079.23,1494900.0,0
2018-05-16,1077.31,1089.27,1076.26,1081.77,1097300.0,0
2018-05-17,1079.89,1086.87,1073.5,1078.59,1043800.0,0
2018-05-18,1061.86,1069.94,1060.68,1066.36,1565200.0,0
2018-05-21,1074.06,1088.0,1073.65,1079.58,1023200.0,0
2018-05-22,1083.56,1086.59,1066.69,1069.73,1090000.0,0
2018-05-23,1065.13,1080.78,1061.71,1079.69,1060700.0,0
2018-05-24,1079.0,1080.47,1066.15,1079.24,766800.0,0
2018-05-25,1079.02,1082.56,1073.78,1075.66,899400.0,0
2018-05-29,1064.89,1073.37,1055.22,1060.32,1865100.0,0
2018-05-30,1063.03,1069.21,1056.83,1067.8,1138500.0,0
2018-05-31,1067.56,1097.19,1067.56,1084.99,3088300.0,0
2018-06-01,1099.35,1120.0,1098.5,1119.5,2421600.0,0
2018-06-04,1122.33,1141.89,1122.01,1139.29,1889600.0,0
2018-06-05,1140.99,1145.74,1133.19,1139.66,1678000.0,0
2018-06-06,1142.17,1143.0,1125.74,1136.88,1698200.0,0
2018-06-07,1131.32,1135.82,1116.52,1123.86,1520000.0,0
2018-06-08,1118.18,1126.67,1112.15,1120.87,1290800.0,0
2018-06-11,1118.6,1137.26,1118.6,1129.99,1079300.0,0
2018-06-12,1131.07,1139.79,1130.73,1139.32,912000.0,0
2018-06-13,1141.12,1146.5,1133.38,1134.79,1506400.0,0
2018-06-14,1143.85,1155.47,1140.64,1152.12,1343400.0,0
2018-06-15,1148.86,1153.42,1143.48,1152.26,2122500.0,0
2018-06-18,1143.65,1174.31,1143.59,1173.46,1413700.0,0
2018-06-19,1158.5,1171.27,1154.01,1168.06,1621000.0,0
2018-06-20,1175.31,1186.29,1169.16,1169.84,1648500.0,0
2018-06-21,1174.85,1177.3,1152.23,1157.66,1238100.0,0
2018-06-22,1159.14,1162.5,1147.26,1155.48,1311000.0,0
2018-06-25,1143.6,1143.91,1112.78,1124.81,2157300.0,0
2018-06-26,1128.0,1133.21,1116.66,1118.46,1563200.0,0
2018-06-27,1121.34,1131.84,1103.62,1103.98,1293900.0,0
2018-06-28,1102.09,1122.31,1096.01,1114.22,1072400.0,0
2018-06-29,1120.0,1128.23,1115.0,1115.65,1315100.0,0
2018-07-02,1099.0,1128.0,1093.8,1127.46,1217300.0,0
2018-07-03,1135.82,1135.82,1100.02,1102.89,679000.0,0
2018-07-05,1110.53,1127.5,1108.48,1124.27,1066700.0,0
2018-07-06,1123.58,1140.93,1120.74,1140.17,996100.0,0
2018-07-09,1148.48,1154.67,1143.42,1154.05,909000.0,0
2018-07-10,1156.98,1159.59,1149.59,1152.84,798400.0,0
2018-07-11,1144.59,1164.29,1141.0,1153.9,1120000.0,0
2018-07-12,1159.89,1184.41,1155.94,1183.48,1251900.0,0
2018-07-13,1185.0,1195.42,1180.0,1188.82,1221900.0,0
2018-07-16,1189.39,1191.0,1179.28,1183.86,1055700.0,0
2018-07-17,1172.22,1203.04,1170.6,1198.8,1610400.0,0
2018-07-18,1196.56,1204.5,1190.34,1195.88,1393600.0,0
2018-07-19,1191.0,1200.0,1183.32,1186.96,1276700.0,0
2018-07-20,1186.96,1196.86,1184.22,1184.91,1247400.0,0
2018-07-23,1181.01,1206.49,1181.0,1205.5,2619200.0,0
2018-07-24,1262.59,1266.0,1235.56,1248.08,3318200.0,0
2018-07-25,1239.13,1265.86,1239.13,1263.7,2127800.0,0
2018-07-26,1251.0,1269.77,1249.02,1268.33,2405600.0,0
2018-07-27,1271.0,1273.89,1231.0,1238.5,2130600.0,0
2018-07-30,1228.01,1234.92,1211.47,1219.74,1849900.0,0
2018-07-31,1220.01,1227.59,1205.6,1217.26,1644700.0,0
2018-08-01,1228.0,1233.47,1210.21,1220.01,1567200.0,0
2018-08-02,1205.9,1229.88,1204.79,1226.15,1531300.0,0
2018-08-03,1229.62,1230.0,1215.06,1223.71,1089600.0,0
2018-08-06,1225.0,1226.09,1215.8,1224.77,1081700.0,0
2018-08-07,1237.0,1251.17,1236.17,1242.22,1494000.0,0
2018-08-08,1240.47,1256.5,1238.01,1245.61,1370300.0,0
2018-08-09,1249.9,1255.54,1246.01,1249.1,848600.0,0
2018-08-10,1243.0,1245.69,1232.0,1237.61,1108700.0,0
2018-08-13,1236.98,1249.27,1233.64,1235.01,997300.0,0
2018-08-14,1235.19,1245.87,1225.11,1242.1,1348100.0,0
2018-08-15,1229.26,1235.24,1209.51,1214.38,1828800.0,0
2018-08-16,1224.73,1226.0,1202.55,1206.49,1343200.0,0
2018-08-17,1202.03,1209.02,1188.24,1200.96,1389600.0,0
2018-08-20,1205.02,1211.0,1194.63,1207.77,870800.0,0
2018-08-21,1208.0,1217.26,1200.35,1201.62,1205600.0,0
2018-08-22,1200.0,1211.84,1199.0,1207.33,887400.0,0
2018-08-23,1207.14,1221.28,1204.24,1205.38,992600.0,0
2018-08-24,1208.82,1221.65,1206.36,1220.65,946600.0,0
2018-08-27,1227.6,1243.09,1225.72,1241.82,1156300.0,0
2018-08-28,1241.29,1242.55,1228.69,1231.15,1304000.0,0
2018-08-29,1237.45,1250.66,1236.36,1249.3,1298900.0,0
2018-08-30,1244.23,1253.64,1232.59,1239.12,1331400.0,0
2018-08-31,1234.98,1238.66,1211.29,1218.19,1816400.0,0
2018-09-04,1204.27,1212.99,1192.5,1197.0,1831000.0,0
2018-09-05,1193.8,1199.01,1162.0,1186.48,2061300.0,0
2018-09-06,1186.3,1186.3,1152.0,1171.44,1888500.0,0
2018-09-07,1158.67,1175.26,1157.21,1164.83,1401300.0,0
2018-09-10,1172.19,1174.54,1160.11,1164.64,1115400.0,0
2018-09-11,1161.63,1178.68,1156.24,1177.36,1209300.0,0
2018-09-12,1172.72,1178.61,1158.36,1162.82,1295500.0,0
2018-09-13,1170.74,1178.61,1162.85,1175.33,1431200.0,0
2018-09-14,1179.1,1180.43,1168.33,1172.53,944000.0,0
2018-09-17,1170.14,1177.24,1154.03,1156.05,1306500.0,0
2018-09-18,1157.09,1176.08,1157.09,1161.22,1203600.0,0
2018-09-19,1164.98,1173.21,1154.58,1171.09,1191400.0,0
2018-09-20,1179.99,1189.89,1173.36,1186.87,1225400.0,0
2018-09-21,1192.0,1192.21,1166.04,1166.09,4405600.0,0
2018-09-24,1157.17,1178.0,1146.91,1173.37,1271000.0,0
2018-09-25,1176.15,1186.88,1168.0,1184.65,977700.0,0
2018-09-26,1185.15,1194.23,1174.77,1180.49,1462300.0,0
2018-09-27,1186.73,1202.1,1183.63,1194.64,1260800.0,0
2018-09-28,1191.87,1195.41,1184.5,1193.47,1380600.0,0
2018-10-01,1199.89,1209.9,1190.3,1195.31,1357600.0,0
2018-10-02,1190.96,1209.96,1186.63,1200.11,1687900.0,0
2018-10-03,1205.0,1206.41,1193.83,1202.95,1256200.0,0
2018-10-04,1195.33,1197.51,1155.58,1168.19,2209500.0,0
2018-10-05,1167.5,1173.5,1145.12,1157.35,1184300.0,0
2018-10-08,1150.11,1168.0,1127.36,1148.97,1932400.0,0
2018-10-09,1146.15,1154.35,1137.57,1138.82,1308700.0,0
2018-10-10,1131.08,1132.17,1081.13,1081.22,2675700.0,0
2018-10-11,1072.94,1106.4,1068.27,1079.32,2949000.0,0
2018-10-12,1108.0,1115.0,1086.4,1110.08,2101300.0,0
2018-10-15,1108.91,1113.45,1089.0,1092.25,1372400.0,0
2018-10-16,1104.59,1124.22,1102.5,1121.28,1928500.0,0
2018-10-17,1126.46,1128.99,1102.19,1115.69,1467200.0,0
2018-10-18,1121.84,1121.84,1077.09,1087.97,2094500.0,0
2018-10-19,1093.37,1110.36,1087.75,1096.46,1267600.0,0
2018-10-22,1103.06,1112.23,1091.0,1101.16,1514200.0,0
2018-10-23,1080.89,1107.89,1070.0,1103.69,1848700.0,0
2018-10-24,1104.25,1106.12,1048.74,1050.71,1982400.0,0
2018-10-25,1071.79,1110.98,1069.55,1095.57,2545800.0,0
2018-10-26,1037.03,1106.53,1034.09,1071.47,4187600.0,0
2018-10-29,1082.47,1097.04,995.83,1020.08,3880700.0,0
2018-10-30,1008.46,1037.49,1000.75,1036.21,3212700.0,0
2018-10-31,1059.81,1091.94,1057.0,1076.77,2529800.0,0
2018-11-01,1075.8,1083.97,1062.46,1070.0,1482000.0,0
2018-11-02,1073.73,1082.97,1054.61,1057.79,1839000.0,0
2018-11-05,1055.0,1058.47,1021.24,1040.09,2441400.0,0
2018-11-06,1039.48,1064.34,1038.07,1055.81,1233300.0,0
2018-11-07,1069.0,1095.46,1065.9,1093.39,2058400.0,0
2018-11-08,1091.38,1093.27,1072.2,1082.4,1488200.0,0
2018-11-09,1073.99,1075.56,1053.11,1066.15,1343200.0,0
2018-11-12,1061.39,1062.12,1031.0,1038.63,1471800.0,0
2018-11-13,1043.29,1056.6,1031.15,1036.05,1513700.0,0
2018-11-14,1050.0,1054.56,1031.0,1043.66,1565900.0,0
2018-11-15,1044.71,1071.85,1031.78,1064.71,1836100.0,0
2018-11-16,1059.41,1067.0,1048.98,1061.49,1658100.0,0
2018-11-19,1057.2,1060.79,1016.26,1020.0,1858600.0,0
2018-11-20,1000.0,1031.74,996.02,1025.76,2449100.0,0
2018-11-21,1036.76,1048.56,1033.47,1037.61,1534300.0,0
2018-11-23,1030.0,1037.59,1022.4,1023.88,691500.0,0
2018-11-26,1038.35,1049.31,1033.91,1048.62,1942800.0,0
2018-11-27,1041.0,1057.58,1038.49,1044.41,1803200.0,0
2018-11-28,1048.76,1086.84,1035.76,1086.23,2475400.0,0
2018-11-29,1076.08,1094.24,1076.0,1088.3,1468900.0,0
2018-11-30,1089.07,1095.57,1077.88,1094.43,2580200.0,0
2018-12-03,1123.14,1124.65,1103.67,1106.43,1991200.0,0
2018-12-04,1103.12,1104.42,1049.98,1050.82,2345200.0,0
2018-12-06,1034.26,1071.2,1030.77,1068.73,2769200.0,0
2018-12-07,1060.01,1075.26,1028.5,1036.58,2101200.0,0
2018-12-10,1035.05,1048.45,1023.29,1039.55,1807700.0,0
2018-12-11,1056.49,1060.6,1039.84,1051.75,1394700.0,0
2018-12-12,1068.0,1081.65,1062.79,1063.68,1523800.0,0
2018-12-13,1068.07,1079.76,1053.93,1061.9,1329800.0,0
2018-12-14,1049.98,1062.6,1040.79,1042.1,1686600.0,0
2018-12-17,1037.51,1053.15,1007.9,1016.53,2385400.0,0
2018-12-18,1026.09,1049.48,1021.44,1028.71,2192500.0,0
2018-12-19,1033.99,1062.0,1008.05,1023.01,2479300.0,0
2018-12-20,1018.13,1034.22,996.36,1009.41,2673500.0,0
2018-12-21,1015.3,1024.02,973.69,979.54,4596000.0,0
2018-12-24,973.9,1003.54,970.11,976.22,1590300.0,0
2018-12-26,989.01,1040.0,983.0,1039.46,2373300.0,0
2018-12-27,1017.15,1043.89,997.0,1043.88,2109800.0,0
2018-12-28,1049.62,1055.56,1033.1,1037.08,1414800.0,0
2018-12-31,1050.96,1052.7,1023.59,1035.61,1493300.0,0
2019-01-02,1016.57,1052.32,1015.71,1045.85,1532600.0,0
2019-01-03,1041.0,1056.98,1014.07,1016.06,1841100.0,0
2019-01-04,1032.59,1070.84,1027.42,1070.71,2093900.0,0
2019-01-07,1071.5,1074.0,1054.76,1068.39,1981900.0,0
2019-01-08,1076.11,1084.56,1060.53,1076.28,1764900.0,0
2019-01-09,1081.65,1082.63,1066.4,1074.66,1199300.0,0
2019-01-10,1067.66,1071.15,1057.71,1070.33,1456400.0,0
2019-01-11,1063.18,1063.78,1048.48,1057.19,1520800.0,0
2019-01-14,1046.92,1051.53,1041.26,1044.69,1144300.0,0
2019-01-15,1050.17,1080.05,1047.34,1077.15,1463600.0,0
2019-01-16,1080.0,1092.38,1079.34,1080.97,1331800.0,0
2019-01-17,1079.47,1091.8,1073.5,1089.9,1242700.0,0
2019-01-18,1100.0,1108.35,1090.9,1098.26,1955600.0,0
2019-01-22,1088.0,1091.51,1063.47,1070.52,1613500.0,0
2019-01-23,1077.35,1084.93,1059.75,1075.57,967000.0,0
2019-01-24,1076.48,1079.47,1060.7,1073.9,1361300.0,0
2019-01-25,1085.0,1094.0,1081.82,1090.99,1119100.0,0
2019-01-28,1080.11,1083.0,1063.8,1070.08,1284300.0,0
2019-01-29,1072.68,1075.15,1055.86,1060.62,1021800.0,0
2019-01-30,1068.43,1091.0,1066.85,1089.06,1279800.0,0
2019-01-31,1103.0,1117.33,1095.41,1116.37,1538300.0,0
2019-02-01,1112.4,1125.0,1104.89,1110.75,1462200.0,0
2019-02-04,1112.66,1132.8,1109.02,1132.8,2576500.0,0
2019-02-05,1124.84,1146.85,1117.25,1145.99,3552200.0,0
2019-02-06,1139.57,1147.0,1112.77,1115.23,2105600.0,0
2019-02-07,1104.16,1104.84,1086.0,1098.71,2044800.0,0
2019-02-08,1087.0,1098.91,1086.55,1095.06,1075800.0,0
2019-02-11,1096.95,1105.94,1092.86,1095.01,1065200.0,0
2019-02-12,1106.8,1125.3,1105.85,1121.37,1609100.0,0
2019-02-13,1124.99,1134.73,1118.5,1120.16,1049800.0,0
2019-02-14,1118.05,1128.23,1110.44,1121.67,947600.0,0
2019-02-15,1130.08,1131.67,1110.65,1113.65,1449800.0,0
2019-02-19,1110.0,1121.89,1110.0,1118.56,1046400.0,0
2019-02-20,1119.99,1123.41,1105.28,1113.8,1087800.0,0
2019-02-21,1110.84,1111.94,1092.52,1096.97,1415100.0,0
2019-02-22,1100.9,1111.24,1095.6,1110.37,1049500.0,0
2019-02-25,1116.0,1118.54,1107.27,1109.4,1413100.0,0
2019-02-26,1105.75,1119.51,1099.92,1115.13,1471300.0,0
2019-02-27,1106.95,1117.98,1101.0,1116.05,968400.0,0
2019-02-28,1111.3,1127.65,1111.01,1119.92,1542500.0,0
2019-03-01,1124.9,1142.97,1124.75,1140.99,1450300.0,0
2019-03-04,1146.99,1158.28,1130.69,1147.8,1446000.0,0
2019-03-05,1150.06,1169.61,1146.19,1162.03,1443200.0,0
2019-03-06,1162.49,1167.57,1155.49,1157.86,1099300.0,0
2019-03-07,1155.72,1156.76,1134.91,1143.3,1166600.0,0
2019-03-08,1126.73,1147.08,1123.3,1142.32,1212400.0,0
2019-03-11,1144.45,1176.19,1144.45,1175.76,1719200.0,0
2019-03-12,1178.26,1200.0,1178.26,1193.2,2013100.0,0
2019-03-13,1200.65,1200.93,1191.94,1193.32,1435900.0,0
2019-03-14,1194.51,1197.88,1184.48,1185.55,1172800.0,0
2019-03-15,1193.38,1196.57,1182.61,1184.46,2461800.0,0
2019-03-18,1183.3,1190.0,1177.42,1184.26,1292600.0,0
2019-03-19,1188.81,1200.0,1185.87,1198.85,1520700.0,0
2019-03-20,1197.35,1227.14,1196.17,1223.97,2227400.0,0
2019-03-21,1216.0,1231.79,1213.15,1231.54,1204000.0,0
2019-03-22,1226.32,1230.0,1202.82,1205.5,1714200.0,0
2019-03-25,1196.93,1206.4,1187.04,1193.0,1496800.0,0
2019-03-26,1198.53,1202.83,1176.72,1184.62,1901200.0,0
2019-03-27,1185.5,1187.56,1159.37,1173.02,1400200.0,0
2019-03-28,1171.54,1171.56,1159.43,1168.49,1012400.0,0
2019-03-29,1174.9,1178.99,1162.88,1173.31,1269900.0,0
2019-04-01,1184.1,1196.66,1182.0,1194.43,1252500.0,0
2019-04-02,1195.32,1201.35,1185.71,1200.49,827900.0,0
2019-04-03,1207.48,1216.3,1200.5,1205.92,1017800.0,0
2019-04-04,1205.94,1215.67,1204.13,1215.0,950000.0,0
2019-04-05,1214.99,1216.22,1205.03,1207.15,907200.0,0
2019-04-08,1207.89,1208.69,1199.86,1203.84,860200.0,0
2019-04-09,1196.0,1202.29,1193.08,1197.25,876400.0,0
2019-04-10,1200.68,1203.79,1196.44,1202.16,724600.0,0
2019-04-11,1203.96,1207.96,1200.13,1204.62,710200.0,0
2019-04-12,1210.0,1218.35,1208.11,1217.87,933400.0,0
2019-04-15,1218.0,1224.2,1209.11,1221.1,1187400.0,0
2019-04-16,1225.0,1230.82,1220.12,1227.13,856300.0,0
2019-04-17,1233.0,1240.56,1227.82,1236.34,1221900.0,0
2019-04-18,1239.18,1242.0,1234.61,1236.37,1331800.0,0
2019-04-22,1235.99,1249.09,1228.31,1248.84,807300.0,0
2019-04-23,1250.69,1269.0,1246.38,1264.55,1319900.0,0
2019-04-24,1264.12,1268.01,1255.0,1256.0,1018800.0,0
2019-04-25,1264.77,1267.41,1252.03,1263.45,1107300.0,0
2019-04-26,1269.0,1273.07,1260.32,1272.18,1241400.0,0
2019-04-29,1274.0,1289.27,1266.3,1287.58,2499400.0,0
2019-04-30,1185.0,1192.81,1175.0,1188.48,6207000.0,0
2019-05-01,1188.05,1188.05,1167.18,1168.08,2639200.0,0
2019-05-02,1167.76,1174.19,1155.0,1162.61,1944800.0,0
2019-05-03,1173.65,1186.8,1169.0,1185.4,1980700.0,0
2019-05-06,1166.26,1190.85,1166.26,1189.39,1563900.0,0
2019-05-07,1180.47,1190.44,1161.04,1174.1,1551400.0,0
2019-05-08,1172.01,1180.42,1165.74,1166.27,1309300.0,0
2019-05-09,1159.03,1169.66,1150.85,1162.38,1185700.0,0
2019-05-10,1163.59,1172.6,1142.5,1164.27,1314500.0,0
2019-05-13,1141.96,1147.94,1122.11,1132.03,1860600.0,0
2019-05-14,1137.21,1140.42,1119.55,1120.44,1836600.0,0
2019-05-15,1117.87,1171.33,1116.67,1164.21,2289300.0,0
2019-05-16,1164.51,1188.16,1162.84,1178.98,1531400.0,0
2019-05-17,1168.47,1180.15,1160.01,1162.3,1208600.0,0
2019-05-20,1144.5,1146.8,1131.44,1138.85,1353300.0,0
2019-05-21,1148.49,1152.71,1137.94,1149.63,1159800.0,0
2019-05-22,1146.75,1158.52,1145.89,1151.42,914500.0,0
2019-05-23,1140.5,1145.97,1129.22,1140.77,1198900.0,0
2019-05-24,1147.36,1149.77,1131.66,1133.47,1112000.0,0
2019-05-28,1134.0,1151.59,1133.12,1134.15,1365000.0,0
2019-05-29,1127.52,1129.1,1108.22,1116.46,1538200.0,0
2019-05-30,1115.54,1123.13,1112.12,1117.95,951900.0,0
2019-05-31,1101.29,1109.6,1100.18,1103.63,1507800.0,0
2019-06-03,1065.5,1065.5,1025.0,1036.23,5130600.0,0
2019-06-04,1042.9,1056.05,1033.69,1053.05,2833500.0,0
2019-06-05,1051.54,1053.55,1030.49,1042.22,2168400.0,0
2019-06-06,1044.99,1047.49,1033.7,1044.34,1703200.0,0
2019-06-07,1050.63,1070.92,1048.4,1066.04,1802400.0,0
2019-06-10,1072.98,1092.66,1072.32,1080.38,1464200.0,0
2019-06-11,1093.98,1101.99,1077.6,1078.72,1436700.0,0
2019-06-12,1078.0,1080.93,1067.54,1077.03,1061000.0,0
2019-06-13,1083.64,1094.17,1080.15,1088.77,1057700.0,0
2019-06-14,1086.42,1092.69,1080.17,1085.35,1111500.0,0
2019-06-17,1086.28,1099.18,1086.28,1092.5,941600.0,0
2019-06-18,1109.69,1116.39,1098.99,1103.6,1386700.0,0
2019-06-19,1105.6,1107.0,1093.48,1102.33,1338800.0,0
2019-06-20,1119.99,1120.12,1104.74,1111.42,1262000.0,0
2019-06-21,1109.24,1124.11,1108.08,1121.88,1947600.0,0
2019-06-24,1119.61,1122.0,1111.01,1115.52,1395600.0,0
2019-06-25,1112.66,1114.35,1083.8,1086.35,1546900.0,0
2019-06-26,1086.5,1092.97,1072.24,1079.8,1810900.0,0
2019-06-27,1084.0,1087.1,1075.29,1076.01,1004300.0,0
2019-06-28,1076.39,1081.0,1073.37,1080.91,1693200.0,0
2019-07-01,1098.0,1107.58,1093.7,1097.95,1436300.0,0
2019-07-02,1102.24,1111.77,1098.17,1111.25,991600.0,0
2019-07-03,1117.41,1126.76,1113.86,1121.58,767000.0,0
2019-07-05,1117.8,1132.88,1116.14,1131.59,1264300.0,0
2019-07-08,1125.17,1125.98,1111.21,1116.35,1236400.0,0
2019-07-09,1111.8,1128.03,1107.17,1124.83,1330400.0,0
2019-07-10,1131.22,1142.05,1130.97,1140.48,1209500.0,0
2019-07-11,1143.25,1153.07,1139.58,1144.21,1195500.0,0
2019-07-12,1143.99,1147.34,1138.78,1144.9,864000.0,0
2019-07-15,1146.86,1150.82,1139.4,1150.34,903800.0,0
2019-07-16,1146.0,1158.58,1145.0,1153.58,1238800.0,0
2019-07-17,1150.97,1158.36,1145.77,1146.35,1170000.0,0
2019-07-18,1141.74,1147.6,1132.73,1146.33,1291300.0,0
2019-07-19,1148.19,1151.14,1129.62,1130.1,1647200.0,0
2019-07-22,1133.45,1139.25,1124.24,1138.07,1301500.0,0
2019-07-23,1144.0,1146.9,1131.8,1146.21,1093700.0,0
2019-07-24,1131.9,1144.0,1126.99,1137.81,1589800.0,0
2019-07-25,1137.82,1141.7,1120.92,1132.12,2209800.0,0
2019-07-26,1224.04,1265.55,1224.0,1250.41,4805800.0,0
2019-07-29,1241.05,1247.37,1228.23,1239.41,2223700.0,0
2019-07-30,1225.41,1234.87,1223.3,1225.14,1453300.0,0
2019-07-31,1223.0,1234.0,1207.76,1216.68,1725500.0,0
2019-08-01,1214.03,1234.11,1205.72,1209.01,1698500.0,0
2019-08-02,1200.74,1206.9,1188.94,1193.99,1645100.0,0
2019-08-05,1170.04,1175.24,1140.14,1152.32,2597500.0,0
2019-08-06,1163.31,1179.96,1160.0,1169.95,1709400.0,0
2019-08-07,1156.0,1178.44,1149.62,1173.99,1444300.0,0
2019-08-08,1182.83,1205.01,1173.02,1204.8,1468000.0,0
2019-08-09,1197.99,1203.88,1183.6,1188.01,1065700.0,0
2019-08-12,1179.21,1184.96,1167.67,1174.71,1003000.0,0
2019-08-13,1171.46,1204.78,1171.46,1197.27,1294400.0,0
2019-08-14,1176.31,1182.3,1160.54,1164.29,1578700.0,0
2019-08-15,1163.5,1175.84,1162.11,1167.26,1218700.0,0
2019-08-16,1179.55,1182.72,1171.81,1177.6,1313300.0,0
2019-08-19,1190.09,1206.99,1190.09,1198.45,1231600.0,0
2019-08-20,1195.25,1196.06,1182.11,1182.69,915500.0,0
2019-08-21,1193.15,1199.0,1187.43,1191.25,740700.0,0
2019-08-22,1194.07,1198.01,1178.58,1189.53,947500.0,0
2019-08-23,1181.99,1194.08,1147.75,1151.29,1687000.0,0
2019-08-26,1157.26,1169.47,1152.96,1168.89,1226100.0,0
2019-08-27,1180.53,1182.4,1161.45,1167.84,1077200.0,0
2019-08-28,1161.71,1176.42,1157.3,1171.02,802000.0,0
2019-08-29,1181.12,1196.06,1181.12,1192.85,1088400.0,0
2019-08-30,1198.5,1198.5,1183.8,1188.1,1129800.0,0
2019-09-03,1177.03,1186.89,1163.2,1168.39,1479900.0,0
2019-09-04,1176.71,1183.48,1171.0,1181.41,1068900.0,0
2019-09-05,1191.53,1213.04,1191.53,1211.38,1408100.0,0
2019-09-06,1208.13,1212.02,1202.52,1204.93,1072100.0,0
2019-09-09,1204.0,1220.0,1192.62,1204.41,1471900.0,0
2019-09-10,1195.15,1210.0,1194.58,1206.0,1260100.0,0
2019-09-11,1203.41,1222.6,1202.2,1220.17,1307000.0,0
2019-09-12,1224.3,1241.86,1223.02,1234.25,1725900.0,0
2019-09-13,1231.35,1240.88,1227.01,1239.56,1301400.0,0
2019-09-16,1229.52,1239.56,1225.61,1231.3,1053300.0,0
2019-09-17,1230.4,1235.0,1223.69,1229.15,955100.0,0
2019-09-18,1227.51,1235.61,1216.53,1232.41,1135100.0,0
2019-09-19,1232.06,1244.44,1232.02,1238.71,996000.0,0
2019-09-20,1233.12,1243.32,1223.08,1229.93,2270000.0,0
2019-09-23,1226.0,1239.09,1224.17,1234.03,1062400.0,0
2019-09-24,1240.0,1246.74,1210.68,1218.76,1583200.0,0
2019-09-25,1215.82,1248.3,1210.09,1246.52,1453000.0,0
2019-09-26,1241.96,1245.0,1232.27,1241.39,1538000.0,0
2019-09-27,1243.01,1244.02,1214.45,1225.09,1353900.0,0
2019-09-30,1220.97,1226.0,1212.3,1219.0,1404100.0,0
2019-10-01,1219.0,1231.23,1203.58,1205.1,1273500.0,0
2019-10-02,1196.98,1196.98,1171.29,1176.63,1615100.0,0
2019-10-03,1180.0,1189.06,1162.43,1187.83,1621200.0,0
2019-10-04,1191.89,1211.44,1189.17,1209.0,1162400.0,0
2019-10-07,1204.4,1218.2,1203.75,1207.68,842900.0,0
2019-10-08,1197.59,1206.08,1189.01,1189.13,1039300.0,0
2019-10-09,1199.35,1208.35,1197.63,1202.31,867700.0,0
2019-10-10,1198.58,1215.0,1197.34,1208.67,846600.0,0
2019-10-11,1222.21,1228.39,1213.74,1215.45,1272700.0,0
2019-10-14,1212.34,1226.33,1211.76,1217.14,867500.0,0
2019-10-15,1220.4,1247.33,1220.4,1243.01,1381700.0,0
2019-10-16,1241.17,1254.74,1238.45,1243.64,1094600.0,0
2019-10-17,1250.93,1263.32,1249.94,1253.07,952400.0,0
2019-10-18,1253.46,1258.89,1241.08,1245.49,1352800.0,0
2019-10-21,1252.26,1254.63,1240.6,1246.15,1027200.0,0
2019-10-22,1247.85,1250.6,1241.38,1242.8,1023800.0,0
2019-10-23,1242.36,1259.89,1242.36,1259.13,911500.0,0
2019-10-24,1260.9,1264.0,1253.71,1260.99,1028100.0,0
2019-10-25,1251.03,1269.6,1250.01,1265.13,1213100.0,0
2019-10-28,1275.45,1299.31,1272.54,1290.0,2613200.0,0
2019-10-29,1276.23,1281.59,1257.21,1262.62,1886400.0,0
2019-10-30,1252.97,1269.36,1252.0,1261.29,1408900.0,0
2019-10-31,1261.28,1267.67,1250.84,1260.11,1455700.0,0
2019-11-01,1265.0,1274.62,1260.5,1273.74,1670100.0,0
2019-11-04,1276.45,1294.13,1276.35,1291.37,1501000.0,0
2019-11-05,1292.89,1298.93,1291.23,1292.03,1282700.0,0
2019-11-06,1289.46,1293.73,1282.5,1291.8,1152700.0,0
2019-11-07,1294.28,1323.74,1294.24,1308.86,2030000.0,0
2019-11-08,1305.28,1318.0,1304.36,1311.37,1251400.0,0
2019-11-11,1303.18,1306.43,1297.41,1299.19,1011900.0,0
2019-11-12,1300.0,1310.0,1295.77,1298.8,1085900.0,0
2019-11-13,1294.07,1304.3,1293.51,1298.0,826700.0,0
2019-11-14,1297.5,1317.0,1295.65,1311.46,1193500.0,0
2019-11-15,1318.94,1334.88,1314.28,1334.87,1782600.0,0
2019-11-18,1332.22,1335.53,1317.5,1320.7,1487400.0,0
2019-11-19,1327.7,1327.7,1312.8,1315.46,1269200.0,0
2019-11-20,1311.74,1315.0,1291.15,1303.05,1308600.0,0
2019-11-21,1301.48,1312.59,1293.0,1301.35,995500.0,0
2019-11-22,1305.62,1308.73,1291.41,1295.34,1385700.0,0
2019-11-25,1299.18,1311.31,1298.13,1306.69,1036200.0,0
2019-11-26,1309.86,1314.8,1305.09,1313.55,1069700.0,0
2019-11-27,1315.0,1318.36,1309.63,1312.99,995600.0,0
2019-11-29,1307.12,1310.2,1303.97,1304.96,587000.0,0
2019-12-02,1301.0,1305.83,1281.0,1289.92,1510900.0,0
2019-12-03,1279.57,1298.46,1279.0,1295.28,1143800.0,0
2019-12-04,1307.01,1325.8,1304.87,1320.54,1537500.0,0
2019-12-05,1328.0,1329.36,1316.44,1328.13,1212700.0,0
2019-12-06,1333.44,1344.0,1333.44,1340.62,1314800.0,0
2019-12-09,1338.04,1359.45,1337.84,1343.56,1354300.0,0
2019-12-10,1341.5,1349.97,1336.04,1344.66,1094100.0,0
2019-12-11,1350.84,1351.2,1342.67,1345.02,850400.0,0
2019-12-12,1345.94,1355.78,1340.5,1350.27,1281000.0,0
2019-12-13,1347.95,1353.09,1343.87,1347.83,1549600.0,0
2019-12-16,1356.5,1364.68,1352.67,1361.17,1397300.0,0
2019-12-17,1362.89,1365.0,1351.32,1355.12,1854000.0,0
2019-12-18,1356.6,1360.47,1351.0,1352.62,1522600.0,0
2019-12-19,1351.82,1358.1,1348.98,1356.04,1469900.0,0
2019-12-20,1363.35,1363.64,1349.0,1349.59,3315000.0,0
2019-12-23,1355.87,1359.8,1346.51,1348.84,883100.0,0
2019-12-24,1348.5,1350.26,1342.78,1343.56,347500.0,0
2019-12-26,1346.17,1361.33,1344.47,1360.4,667500.0,0
2019-12-27,1362.99,1364.53,1349.31,1351.89,1038400.0,0
2019-12-30,1350.0,1353.0,1334.02,1336.14,1050900.0,0
2019-12-31,1330.11,1338.0,1329.08,1337.02,961800.0,0
2020-01-02,1341.55,1368.14,1341.55,1367.37,1406600.0,0
2020-01-03,1347.86,1372.5,1345.54,1360.66,1186400.0,0
2020-01-06,1350.0,1396.5,1350.0,1394.21,1732300.0,0
2020-01-07,1397.94,1402.99,1390.38,1393.34,1502700.0,0
2020-01-08,1392.08,1411.58,1390.84,1404.32,1528000.0,0
2020-01-09,1420.57,1427.33,1410.27,1419.83,1500900.0,0
2020-01-10,1427.56,1434.93,1418.35,1429.73,1820700.0,0
2020-01-13,1436.13,1440.52,1426.02,1439.23,1652300.0,0
2020-01-14,1439.01,1441.8,1428.37,1430.88,1558900.0,0
2020-01-15,1430.21,1441.4,1430.21,1439.2,1282700.0,0
2020-01-16,1447.44,1451.99,1440.92,1451.7,1173700.0,0
2020-01-17,1462.91,1481.3,1458.22,1480.39,2396200.0,0
2020-01-21,1479.12,1491.85,1471.2,1484.4,2036700.0,0
2020-01-22,1491.0,1503.21,1484.93,1485.95,1610800.0,0
2020-01-23,1487.64,1495.52,1482.1,1486.65,1351200.0,0
2020-01-24,1493.59,1495.49,1465.25,1466.71,1784600.0,0
2020-01-27,1431.0,1438.07,1421.2,1433.9,1755200.0,0
2020-01-28,1443.0,1456.0,1432.47,1452.56,1577400.0,0
2020-01-29,1458.8,1465.43,1446.74,1458.63,1077700.0,0
2020-01-30,1439.96,1457.28,1436.4,1455.84,1339400.0,0
2020-01-31,1468.9,1470.13,1428.53,1434.23,2417200.0,0
2020-02-03,1462.0,1490.0,1458.99,1485.94,3055200.0,0
2020-02-04,1457.07,1469.5,1426.3,1447.07,3933000.0,0
2020-02-05,1462.42,1463.84,1430.56,1448.23,1986200.0,0
2020-02-06,1450.33,1482.0,1449.57,1476.23,1679400.0,0
2020-02-07,1467.3,1485.84,1466.35,1479.23,1172300.0,0
2020-02-10,1474.32,1509.5,1474.32,1508.68,1419900.0,0
2020-02-11,1511.81,1529.63,1505.64,1508.79,1344600.0,0
2020-02-12,1514.48,1520.69,1508.11,1518.27,1167600.0,0
2020-02-13,1512.69,1527.18,1504.6,1514.66,929500.0,0
2020-02-14,1515.6,1520.74,1507.34,1520.74,1197800.0,0
2020-02-18,1515.0,1531.63,1512.59,1519.67,1120700.0,0
2020-02-19,1525.07,1532.11,1521.4,1526.69,949300.0,0
2020-02-20,1522.0,1529.64,1506.82,1518.15,1096600.0,0
2020-02-21,1508.03,1512.21,1480.44,1485.11,1731700.0,0
2020-02-24,1426.11,1436.97,1411.39,1421.59,2867100.0,0
2020-02-25,1433.0,1438.14,1382.4,1388.45,2478300.0,0
2020-02-26,1396.14,1415.7,1379.0,1393.18,2202400.0,0
2020-02-27,1362.06,1371.7,1317.17,1318.09,2978300.0,0
2020-02-28,1277.5,1341.14,1271.0,1339.33,3790600.0,0
2020-03-02,1351.61,1390.87,1326.81,1389.11,2431500.0,0
2020-03-03,1399.42,1410.15,1332.0,1341.39,2402300.0,0
2020-03-04,1359.23,1388.09,1343.11,1386.52,1913300.0,0
2020-03-05,1350.2,1358.91,1305.1,1319.04,2561300.0,0
2020-03-06,1277.06,1306.22,1261.05,1298.41,2660600.0,0
2020-03-09,1205.3,1254.76,1200.0,1215.56,3365400.0,0
2020-03-10,1260.0,1281.15,1218.77,1280.39,2611400.0,0
2020-03-11,1249.7,1260.96,1196.07,1215.41,2608500.0,0
2020-03-12,1126.0,1193.87,1113.3,1114.91,4226700.0,0
2020-03-13,1179.0,1219.76,1117.14,1219.73,3700100.0,0
2020-03-16,1096.0,1152.27,1074.44,1084.33,4252400.0,0
2020-03-17,1093.11,1130.86,1056.01,1119.8,3861500.0,0
2020-03-18,1056.51,1106.5,1037.28,1096.8,4233400.0,0
2020-03-19,1093.05,1157.97,1060.11,1115.29,3651100.0,0
2020-03-20,1135.72,1143.99,1065.49,1072.32,3601800.0,0
2020-03-23,1061.32,1071.32,1013.54,1056.62,4044100.0,0
2020-03-24,1103.77,1135.0,1090.62,1134.46,3344500.0,0
2020-03-25,1126.47,1148.9,1086.01,1102.49,4081500.0,0
2020-03-26,1111.8,1169.97,1093.53,1161.75,3571700.0,0
2020-03-27,1125.67,1150.67,1105.91,1110.71,3208500.0,0
2020-03-30,1125.04,1151.63,1096.48,1146.82,2574100.0,0
2020-03-31,1147.3,1175.31,1138.14,1162.81,2486400.0,0
2020-04-01,1122.0,1129.69,1097.45,1105.62,2344200.0,0
2020-04-02,1098.26,1126.86,1096.4,1120.84,1964900.0,0
2020-04-03,1119.02,1123.54,1079.81,1097.88,2313400.0,0
2020-04-06,1138.0,1194.66,1130.94,1186.92,2664700.0,0
2020-04-07,1221.0,1225.0,1182.23,1186.51,2387300.0,0
2020-04-08,1206.5,1219.07,1188.16,1210.28,1975100.0,0
2020-04-09,1224.08,1225.57,1196.73,1211.45,2175400.0,0
2020-04-13,1209.18,1220.51,1187.6,1217.56,1739800.0,0
2020-04-14,1245.09,1282.07,1236.93,1269.23,2470400.0,0
2020-04-15,1245.61,1280.46,1240.4,1262.47,1671700.0,0
2020-04-16,1274.1,1279.0,1242.62,1263.47,2518100.0,0
2020-04-17,1284.85,1294.43,1271.23,1283.25,1949000.0,0
2020-04-20,1271.0,1281.6,1261.37,1266.61,1695500.0,0
2020-04-21,1247.0,1254.27,1209.71,1216.34,2153000.0,0
2020-04-22,1245.54,1285.61,1242.0,1263.21,2093100.0,0
2020-04-23,1271.55,1293.31,1265.67,1276.31,1566200.0,0
2020-04-24,1261.17,1280.4,1249.45,1279.31,1640400.0,0
2020-04-27,1296.0,1296.15,1269.0,1275.88,1599100.0,0
2020-04-28,1287.93,1288.05,1232.2,1233.67,2951300.0,0
2020-04-29,1341.46,1359.99,1325.34,1341.48,3793600.0,0
2020-04-30,1324.88,1352.82,1322.49,1348.66,2665400.0,0
2020-05-01,1328.5,1352.07,1311.0,1320.61,2072500.0,0
2020-05-04,1308.23,1327.66,1299.0,1326.8,1504000.0,0
2020-05-05,1337.92,1373.94,1337.46,1351.11,1651500.0,0
2020-05-06,1361.69,1371.12,1347.29,1347.3,1215400.0,0
2020-05-07,1365.94,1377.6,1355.27,1372.56,1397600.0,0
2020-05-08,1383.13,1398.76,1375.48,1388.37,1388100.0,0
2020-05-11,1378.28,1416.53,1377.15,1403.26,1412100.0,0
2020-05-12,1407.12,1415.0,1374.77,1375.74,1390600.0,0
2020-05-13,1377.05,1385.48,1328.4,1349.33,1812600.0,0
2020-05-14,1335.02,1357.42,1323.91,1356.13,1603100.0,0
2020-05-15,1350.0,1374.48,1339.0,1373.19,1707700.0,0
2020-05-18,1361.75,1392.32,1354.25,1383.94,1824000.0,0
2020-05-19,1387.0,1392.0,1373.48,1373.48,1280600.0,0
2020-05-20,1389.58,1410.42,1387.25,1406.72,1655400.0,0
2020-05-21,1408.0,1415.49,1393.45,1402.8,1385000.0,0
2020-05-22,1396.71,1412.76,1391.83,1410.42,1309400.0,0
2020-05-26,1437.27,1441.0,1412.13,1417.02,2060600.0,0
2020-05-27,1417.25,1421.74,1391.29,1417.84,1685800.0,0
2020-05-28,1396.86,1440.84,1396.0,1416.73,1692200.0,0
2020-05-29,1416.94,1432.57,1413.35,1428.92,1838100.0,0
2020-06-01,1418.39,1437.96,1418.0,1431.82,1217100.0,0
2020-06-02,1430.55,1439.61,1418.83,1439.22,1278100.0,0
2020-06-03,1438.3,1446.55,1429.78,1436.38,1256200.0,0
2020-06-04,1430.4,1438.96,1404.73,1412.18,1484300.0,0
2020-06-05,1413.17,1445.05,1406.0,1438.39,1734900.0,0
2020-06-08,1422.34,1447.99,1422.34,1446.61,1404200.0,0
2020-06-09,1445.36,1468.0,1443.21,1456.16,1409200.0,0
2020-06-10,1459.54,1474.26,1456.27,1465.85,1525200.0,0
2020-06-11,1442.48,1454.47,1402.0,1403.84,1991300.0,0
2020-06-12,1428.49,1437.0,1386.02,1413.18,1944200.0,0
2020-06-15,1390.8,1424.8,1387.92,1419.85,1503900.0,0
2020-06-16,1445.22,1455.02,1425.9,1442.72,1709200.0,0
2020-06-17,1447.16,1460.0,1431.38,1451.12,1548300.0,0
2020-06-18,1449.16,1451.41,1427.01,1435.96,1581900.0,0
2020-06-19,1444.0,1447.8,1421.35,1431.72,3157900.0,0
2020-06-22,1429.0,1452.75,1423.21,1451.86,1542400.0,0
2020-06-23,1455.64,1475.94,1445.24,1464.41,1429800.0,0
2020-06-24,1461.51,1475.42,1429.75,1431.97,1756000.0,0
2020-06-25,1429.9,1442.9,1420.0,1441.33,1230500.0,0
2020-06-26,1431.39,1433.45,1351.99,1359.9,4267700.0,0
2020-06-29,1358.18,1395.6,1347.01,1394.97,1810200.0,0
2020-06-30,1390.44,1418.65,1383.96,1413.61,2042400.0,0
2020-07-01,1411.1,1443.0,1409.82,1438.04,1775200.0,0
2020-07-02,1446.94,1482.95,1446.42,1464.7,1859100.0,0
2020-07-06,1480.06,1506.59,1472.86,1495.7,1564000.0,0
2020-07-07,1490.0,1516.8,1483.55,1485.18,1458200.0,0
2020-07-08,1494.32,1505.88,1485.63,1496.0,1249700.0,0
2020-07-09,1506.45,1522.72,1488.08,1510.99,1423300.0,0
2020-07-10,1506.15,1543.83,1496.54,1541.74,1856300.0,0
2020-07-13,1550.0,1577.13,1505.24,1511.34,1846400.0,0
2020-07-14,1490.31,1522.95,1483.5,1520.58,1585000.0,0
2020-07-15,1523.13,1535.33,1498.0,1513.64,1610700.0,0
2020-07-16,1500.0,1518.69,1486.31,1518.0,1519300.0,0
2020-07-17,1521.62,1523.44,1498.42,1515.55,1456700.0,0
2020-07-20,1515.26,1570.29,1503.6,1565.72,1557300.0,0
2020-07-21,1586.99,1586.99,1554.28,1558.42,1218600.0,0
2020-07-22,1560.5,1570.0,1546.1,1568.49,932000.0,0
2020-07-23,1566.97,1571.87,1507.39,1515.68,1627600.0,0
2020-07-24,1498.93,1517.64,1488.4,1511.87,1544000.0,0
2020-07-27,1515.6,1540.97,1515.21,1530.2,1246000.0,0
2020-07-28,1525.18,1526.48,1497.66,1500.34,1702200.0,0
2020-07-29,1506.32,1531.25,1501.33,1522.02,1106500.0,0
2020-07-30,1497.0,1537.87,1492.22,1531.45,1671400.0,0
2020-07-31,1505.01,1508.95,1454.03,1482.96,3439900.0,0
2020-08-03,1486.64,1490.47,1465.64,1474.45,2330200.0,0
2020-08-04,1476.57,1485.56,1458.65,1464.97,1903500.0,0
2020-08-05,1469.3,1482.41,1463.46,1473.61,1979500.0,0
2020-08-06,1471.75,1502.39,1466.0,1500.1,1995400.0,0
2020-08-07,1500.0,1516.84,1481.64,1494.49,1576600.0,0
2020-08-10,1487.18,1504.07,1473.08,1496.1,1289300.0,0
2020-08-11,1492.44,1510.0,1478.0,1480.32,1454400.0,0
2020-08-12,1485.58,1512.39,1485.25,1506.62,1437700.0,0
2020-08-13,1510.34,1537.25,1508.01,1518.45,1455200.0,0
2020-08-14,1515.66,1521.9,1502.88,1507.73,1354800.0,0
2020-08-17,1514.67,1525.61,1507.97,1517.98,1378300.0,0
2020-08-18,1526.18,1562.47,1523.71,1558.6,2027100.0,0
2020-08-19,1553.31,1573.68,1543.95,1547.53,1660600.0,0
2020-08-20,1543.45,1585.87,1538.2,1581.75,1706900.0,0
2020-08-21,1577.03,1597.72,1568.01,1580.42,1446500.0,0
2020-08-24,1593.98,1614.17,1580.57,1588.2,1409900.0,0
2020-08-25,1582.07,1611.62,1582.07,1608.22,2247100.0,0
2020-08-26,1608.0,1659.22,1603.6,1652.38,3993400.0,0
2020-08-27,1653.68,1655.0,1625.75,1634.33,1861600.0,0
2020-08-28,1633.49,1647.17,1630.75,1644.41,1499800.0,0
2020-08-31,1647.89,1647.96,1630.31,1634.18,1823400.0,0
2020-09-01,1636.63,1665.73,1632.22,1660.71,1826700.0,0
2020-09-02,1673.78,1733.18,1666.33,1728.28,2511200.0,0
2020-09-03,1709.71,1709.71,1615.06,1641.84,3107800.0,0
2020-09-04,1624.26,1645.11,1547.61,1591.04,2608600.0,0
2020-09-08,1533.51,1563.86,1528.01,1532.39,2610900.0,0
2020-09-09,1557.53,1569.0,1536.05,1556.96,1774700.0,0
2020-09-10,1560.64,1584.08,1525.81,1532.02,1618600.0,0
2020-09-11,1536.0,1575.2,1497.36,1520.72,1597100.0,0
2020-09-14,1539.01,1564.0,1515.74,1519.28,1696600.0,0
2020-09-15,1536.0,1559.57,1531.83,1541.44,1331100.0,0
2020-09-16,1555.54,1562.0,1519.82,1520.9,1311700.0,0
2020-09-17,1496.0,1508.3,1470.0,1495.53,1879800.0,0
2020-09-18,1498.01,1503.0,1437.13,1459.99,3103900.0,0
2020-09-21,1440.06,1448.36,1406.55,1431.16,2888800.0,0
2020-09-22,1450.09,1469.52,1434.53,1465.46,1583200.0,0
2020-09-23,1458.78,1460.96,1407.7,1415.21,1657400.0,0
2020-09-24,1411.03,1443.71,1409.85,1428.29,1450200.0,0
2020-09-25,1432.63,1450.0,1413.34,1444.96,1323000.0,0
2020-09-28,1474.21,1476.8,1449.3,1464.52,2007900.0,0
2020-09-29,1470.39,1476.66,1458.81,1469.33,978200.0,0
2020-09-30,1466.8,1489.75,1459.88,1469.6,1700600.0,0
2020-10-01,1484.27,1499.04,1479.21,1490.09,1779500.0,0
2020-10-02,1462.03,1483.2,1450.92,1458.42,1284100.0,0
2020-10-05,1466.21,1488.21,1464.27,1486.02,1113300.0,0
2020-10-06,1475.58,1486.76,1448.59,1453.44,1245400.0,0
2020-10-07,1464.29,1468.96,1436.0,1460.29,1746200.0,0
2020-10-08,1465.09,1490.0,1465.09,1485.93,1187800.0,0
2020-10-09,1494.7,1516.52,1489.45,1515.22,1435300.0,0
2020-10-12,1543.0,1593.86,1532.57,1569.15,2482600.0,0
2020-10-13,1583.73,1590.0,1563.2,1571.68,1601000.0,0
2020-10-14,1578.59,1587.68,1550.53,1568.08,1931000.0,0
2020-10-15,1547.15,1575.1,1545.03,1559.13,1540000.0,0
2020-10-16,1565.85,1581.13,1563.0,1573.01,1434700.0,0
2020-10-19,1580.46,1588.15,1528.0,1534.61,1607100.0,0
2020-10-20,1527.05,1577.5,1525.67,1555.93,2241700.0,0
2020-10-21,1573.33,1618.73,1571.63,1593.31,2568300.0,0
2020-10-22,1593.05,1621.99,1585.0,1615.33,1433600.0,0
2020-10-23,1626.07,1642.36,1620.51,1641.0,1375800.0,0
